,0,1,2,3,4,5,6,7,8,9,10,11,12,13,14,15,16,17,18,19,20,21,22,23,24,25,26,27,28,29,30,31,32,33,34,35,36,37,38,39,40,41,42,43,44,45,46,47,48,49
0,6,6,4,4,4,4,4,4,4,4,4,4,1,1,1,1,1,5,5,5,5,6,6,7,7,7,7,7,0,1,6,6,6,6,6,6,6,6,6,0,0,0,0,0,1,1,1,2,2,2
1,1,1,6,6,2,2,2,2,2,2,2,2,2,3,3,3,3,3,3,4,4,5,5,5,5,5,5,5,5,5,5,5,5,6,6,6,6,6,7,7,7,7,7,7,7,7,7,7,7,7
2,2,2,2,2,2,3,3,3,3,0,0,0,1,1,1,1,1,1,1,1,1,1,1,1,1,1,1,1,1,0,0,0,0,7,7,7,7,7,7,7,7,7,7,7,7,7,7,7,7,7
3,2,2,2,2,2,2,2,3,3,3,3,3,3,4,4,4,4,6,7,0,0,0,0,0,1,1,1,1,2,2,2,2,2,2,2,2,0,0,0,0,0,0,1,2,2,2,2,3,3,3
4,1,1,1,1,1,1,2,2,2,3,4,5,5,5,5,5,5,5,5,5,5,5,5,5,5,5,5,6,6,6,6,2,2,2,3,3,6,6,6,6,6,6,6,6,6,1,1,1,1,1
5,0,1,1,1,1,1,1,1,2,2,2,2,2,2,2,2,2,1,1,1,1,5,5,6,6,6,6,6,6,6,6,6,6,6,6,6,6,6,7,7,7,7,7,7,7,7,7,0,0,1
6,6,7,7,7,7,7,7,7,0,0,0,0,0,0,0,0,0,0,0,0,0,0,0,0,0,0,0,1,1,2,2,2,4,3,3,3,3,3,3,3,3,3,3,6,6,6,6,6,6,6
7,1,1,1,1,2,2,2,2,2,2,3,3,3,3,3,3,3,3,3,3,6,6,6,6,6,7,7,7,0,0,0,0,4,4,4,4,5,5,5,5,6,6,6,6,6,6,6,6,6,6
8,0,0,0,0,0,0,0,0,1,2,2,3,3,4,1,1,7,7,7,7,7,0,0,0,0,0,0,0,1,2,2,2,2,2,2,2,2,2,2,3,3,3,3,3,4,4,4,4,4,4
9,0,0,0,0,0,0,0,0,0,0,0,0,0,0,0,0,0,0,1,2,2,2,3,3,3,3,3,3,3,3,3,3,3,3,3,3,3,3,3,3,4,4,4,4,4,5,5,6,6,6
10,4,4,4,5,5,5,5,5,6,6,6,7,7,7,7,7,7,7,7,7,7,6,6,6,6,7,7,7,7,0,4,4,4,4,4,4,4,4,4,4,4,4,4,5,5,7,7,7,7,7
11,1,1,1,1,1,1,1,1,1,7,7,7,7,7,0,1,1,1,1,2,2,2,2,2,2,2,2,2,2,2,2,2,2,2,2,2,2,2,2,2,2,2,2,3,3,3,3,4,4,4
12,0,0,0,1,1,2,3,3,3,3,3,4,4,4,4,4,5,5,5,5,5,5,5,5,5,5,5,5,5,5,6,6,7,4,5,5,5,5,6,7,7,0,0,0,0,0,0,0,0,1
13,1,7,7,7,7,7,7,0,0,1,1,2,2,2,4,4,4,4,4,4,4,4,1,1,2,2,3,4,4,4,5,5,6,6,6,6,7,7,0,0,0,0,0,0,0,0,0,0,0,0
14,2,2,2,2,2,3,3,3,3,3,3,3,3,3,3,4,4,4,4,4,4,4,4,4,4,4,4,4,4,4,4,5,5,5,5,5,2,2,5,6,7,7,7,7,7,7,7,7,7,7
15,7,7,7,7,7,7,7,7,7,7,7,7,7,7,0,4,7,7,7,7,7,7,7,7,7,7,7,7,7,7,7,7,0,0,1,1,1,1,1,7,7,7,7,7,7,7,7,7,7,7
16,3,4,5,5,6,6,6,5,5,5,5,5,5,5,5,5,5,1,1,1,1,1,1,2,2,2,2,2,2,2,2,2,2,2,2,2,3,3,3,4,4,4,5,5,5,5,5,6,6,6
17,0,0,0,1,1,1,1,1,1,1,1,1,1,1,2,2,2,2,2,3,3,3,4,4,4,5,5,6,7,7,7,7,7,7,7,7,7,0,0,0,0,0,0,0,0,0,0,0,0,0
18,6,7,7,7,7,7,7,7,7,7,7,7,7,7,4,4,5,5,5,5,5,5,5,5,5,5,5,5,5,5,1,1,2,2,2,3,4,4,4,4,4,4,5,5,5,5,5,5,5,6
19,4,4,4,4,4,4,5,6,6,6,5,5,6,7,2,2,2,3,4,4,2,3,3,3,3,4,4,5,5,5,5,6,6,6,7,0,1,1,1,1,1,1,1,1,1,1,1,1,1,2
20,3,4,4,4,4,4,4,4,4,4,0,0,0,0,0,1,6,6,6,6,7,7,7,0,0,1,1,6,6,6,6,6,6,6,6,6,6,6,6,6,6,6,6,6,6,6,7,7,7,7
21,0,0,4,4,4,5,5,5,5,6,6,6,6,6,7,7,7,7,0,0,7,7,0,0,0,0,0,0,0,0,0,0,0,0,0,0,0,0,1,1,2,2,2,2,2,3,3,3,3,3
22,2,2,2,2,2,2,2,2,2,3,3,3,3,3,3,4,4,4,4,4,4,5,5,5,5,5,5,5,5,6,6,6,6,6,6,6,6,6,7,7,7,7,0,1,1,1,1,1,2,2
23,7,7,7,0,1,1,1,1,1,1,1,2,2,2,2,2,2,3,3,3,3,3,4,4,4,4,4,5,5,5,5,5,5,5,5,5,5,5,5,5,6,6,6,6,6,6,6,6,7,0
24,2,2,2,3,3,3,3,3,3,3,3,3,3,3,4,4,1,1,1,1,1,2,2,2,2,2,2,2,2,2,2,2,2,2,2,2,2,2,3,3,3,3,4,5,5,5,5,5,5,5
25,1,1,1,2,2,3,3,3,3,3,3,3,3,3,3,3,3,3,3,6,7,0,0,0,0,0,0,3,3,3,3,3,4,4,4,4,5,5,5,5,5,5,5,5,5,5,5,5,5,5
26,7,7,7,7,7,7,7,0,0,0,1,1,0,0,0,1,1,2,3,3,3,3,4,4,4,4,0,0,1,1,1,1,1,1,1,1,7,7,7,7,7,0,0,1,1,4,4,4,0,0
27,7,7,2,2,2,2,2,2,3,3,3,3,4,4,4,4,4,4,2,2,4,5,5,5,5,5,5,6,6,6,3,3,4,4,4,4,4,4,5,5,5,5,5,6,6,6,7,1,1,1
28,4,4,4,4,4,4,4,4,5,5,5,5,5,5,5,6,6,7,7,7,0,0,0,7,4,4,4,4,7,7,7,7,7,3,3,3,3,3,3,3,3,3,3,4,4,4,4,4,4,4
29,2,2,2,2,2,2,7,7,7,7,7,7,7,7,7,7,7,7,7,7,7,7,7,7,7,7,7,7,7,5,5,5,6,6,6,6,6,6,6,6,6,7,0,0,0,0,1,1,1,2
30,3,3,3,3,3,3,3,4,4,4,4,4,2,2,2,3,3,3,3,0,0,0,0,0,0,0,0,0,1,1,2,2,2,2,2,2,2,2,3,3,3,3,3,3,3,3,3,3,3,4
31,4,4,4,4,4,4,5,5,5,5,5,5,5,5,5,4,1,1,1,1,2,2,2,2,2,2,2,2,2,2,2,3,3,3,3,3,4,4,4,4,4,4,4,4,4,4,4,4,4,4
32,0,0,0,0,0,0,0,0,1,1,1,2,2,2,2,1,1,1,1,1,1,1,1,1,1,2,2,2,2,2,2,6,6,6,6,6,6,6,6,6,6,6,7,7,7,7,7,7,7,2
33,1,1,1,1,1,2,2,2,2,2,2,2,2,2,3,4,4,4,4,5,5,6,7,7,7,7,5,6,6,6,6,6,6,6,6,6,7,7,7,0,7,0,0,0,0,1,1,1,1,2
34,0,0,0,0,0,0,0,0,0,0,0,1,1,1,1,1,6,6,6,6,6,6,6,6,7,7,7,7,7,7,7,0,1,2,2,2,2,2,2,2,2,2,2,3,3,4,4,4,5,5
35,6,6,6,7,7,7,7,7,7,7,7,7,7,7,6,6,6,6,6,4,4,4,4,4,5,5,5,6,6,6,6,6,6,6,6,6,6,6,5,5,5,5,5,5,4,4,5,5,5,6
36,2,2,2,3,3,3,3,3,3,3,3,3,3,4,2,6,6,6,6,6,6,6,7,7,7,7,7,0,1,1,1,1,1,1,1,1,1,1,2,2,2,2,2,6,6,6,6,7,7,7
37,1,1,1,1,1,1,1,1,2,6,6,7,7,7,7,7,0,5,5,3,3,4,2,3,3,3,3,3,3,3,4,2,2,2,2,2,2,2,2,2,2,2,2,3,3,3,3,3,3,3
38,0,0,0,0,1,1,1,1,1,3,3,3,4,4,4,4,4,4,4,4,4,5,1,1,1,1,1,1,1,1,1,2,3,3,4,4,4,4,4,5,5,6,5,6,6,6,6,6,6,6
39,2,2,2,2,2,2,2,2,4,4,5,6,6,6,7,7,0,0,1,1,1,1,1,1,1,1,1,1,2,2,2,2,2,2,0,0,0,0,1,2,2,2,2,3,3,3,3,3,3,3
40,6,7,7,7,2,2,2,2,2,2,2,2,2,2,2,2,3,3,4,5,5,5,5,0,0,0,0,0,1,1,1,1,1,1,1,1,1,1,1,1,1,1,1,1,1,2,2,3,3,3
41,2,3,3,3,3,3,3,3,3,3,3,3,0,0,0,1,1,1,2,2,2,2,2,2,2,2,5,5,5,5,6,6,6,6,6,6,6,6,6,6,5,5,5,5,5,6,6,6,6,6
42,0,0,0,0,0,0,0,0,0,0,0,0,1,1,1,1,1,1,1,1,1,1,1,2,2,3,4,4,4,4,4,4,4,4,4,4,4,4,5,6,6,6,6,6,7,7,7,7,7,7
43,3,4,5,2,2,2,2,2,2,2,2,3,3,3,3,3,3,3,4,4,4,4,5,5,5,5,5,5,5,5,6,6,6,6,7,7,7,7,7,7,0,1,1,1,1,1,1,1,1,1
44,6,7,7,7,7,7,7,7,7,7,7,0,0,0,1,1,2,2,2,2,2,2,2,2,2,2,2,3,3,4,4,4,4,4,4,4,4,4,7,7,7,7,0,0,2,3,3,3,3,3
45,2,2,3,3,4,4,5,5,5,7,7,7,7,7,7,7,7,7,0,0,0,0,0,0,1,2,2,2,7,7,7,7,7,7,0,0,0,0,0,0,0,0,0,0,0,0,0,0,0,0
46,3,4,3,3,3,3,3,3,4,4,4,4,4,5,5,5,5,5,5,5,5,5,5,5,5,5,6,6,6,6,6,6,6,6,7,7,7,7,7,7,7,7,0,0,0,0,0,0,1,2
47,0,0,0,0,3,3,3,3,3,3,3,3,3,4,4,5,5,5,5,5,5,6,6,6,6,0,0,0,0,0,7,7,7,7,0,1,1,6,6,6,6,6,6,6,7,0,1,1,1,2
48,0,0,0,0,0,0,0,0,0,0,0,0,0,0,0,0,0,0,0,0,0,0,1,2,2,2,2,2,2,2,2,2,2,2,2,2,3,4,4,4,4,6,6,6,6,6,6,0,0,0
49,1,1,1,2,2,2,2,2,2,2,2,2,0,0,0,1,1,2,2,2,3,3,3,4,4,4,7,7,0,0,0,0,0,0,1,4,4,4,4,4,4,4,4,4,4,4,4,4,0,0
50,3,3,1,1,1,1,4,4,4,4,4,4,1,1,1,1,2,3,3,4,4,4,4,5,5,5,5,5,5,5,5,7,7,7,7,7,7,7,7,7,0,0,6,6,6,7,7,0,1,1
51,1,2,2,3,3,3,3,3,3,3,3,3,3,1,1,1,1,1,1,1,1,1,1,1,2,2,2,2,2,2,2,2,2,2,2,2,2,2,2,2,3,3,3,3,3,3,3,3,3,3
52,5,5,6,6,6,6,6,6,6,7,0,0,1,1,1,1,1,1,1,1,1,1,1,1,7,7,7,7,7,7,7,7,7,7,7,0,0,1,1,2,3,3,4,4,4,4,4,4,4,4
53,5,6,7,4,3,3,3,4,5,5,6,6,6,6,6,6,3,3,3,3,7,0,0,1,1,1,1,1,5,6,6,6,6,6,6,6,6,6,6,6,7,7,6,6,6,6,7,7,0,0
54,4,4,4,4,4,4,4,5,5,0,0,0,0,0,1,1,1,1,1,1,1,1,1,1,1,1,1,1,5,5,5,5,5,5,5,5,4,4,4,4,4,4,4,4,4,4,4,4,4,4
55,7,7,7,7,0,0,0,0,0,0,0,0,0,0,0,0,0,1,1,1,1,1,1,1,1,1,1,1,1,1,1,2,2,2,2,2,2,2,2,2,2,2,2,2,2,2,2,2,3,3
56,2,3,3,3,3,3,3,3,3,3,3,3,3,3,3,3,4,4,4,4,4,4,4,4,4,4,4,4,4,4,4,5,5,5,5,5,5,5,5,5,5,5,5,5,5,5,6,6,6,6
57,7,7,7,7,0,0,0,7,7,7,7,7,0,0,0,1,1,1,2,2,2,2,2,2,2,2,2,3,3,3,3,3,3,1,1,7,0,0,0,0,0,0,0,0,0,0,0,0,1,1
58,1,2,2,2,3,3,4,4,4,4,5,5,6,6,6,6,6,6,6,6,7,7,4,4,4,4,4,4,4,4,4,4,4,4,5,5,5,5,5,5,5,5,5,5,5,5,5,5,5,6
59,5,5,5,5,6,7,3,3,3,3,3,3,3,3,3,3,3,3,4,4,4,6,6,6,6,6,6,1,1,1,1,2,2,2,2,2,2,2,2,2,2,3,3,3,3,4,4,4,4,4
60,1,1,2,3,3,3,3,3,3,3,4,4,4,1,1,1,1,1,1,1,1,1,1,1,1,1,1,6,7,7,7,7,7,7,1,1,1,1,6,6,6,6,6,6,6,4,4,4,5,5
61,4,4,4,4,4,4,4,4,5,5,5,4,4,4,4,4,4,4,4,4,3,3,4,4,5,5,5,5,5,5,5,5,5,6,6,7,7,7,7,7,7,7,7,7,7,7,7,7,7,7
62,4,4,4,4,4,4,4,4,4,4,4,4,5,5,5,6,6,7,7,7,7,7,7,7,7,7,7,7,7,7,7,7,2,2,2,2,2,2,2,3,3,3,3,0,0,0,7,7,0,0
63,7,7,0,0,6,6,6,6,7,7,7,7,7,7,7,7,7,0,0,0,1,1,1,1,1,1,1,1,1,2,2,3,3,2,3,3,3,3,6,6,6,7,7,0,7,6,6,6,6,6
64,5,5,5,5,6,4,4,4,5,6,6,6,6,7,7,7,7,7,7,0,0,0,0,0,0,0,0,0,0,1,1,1,1,1,1,1,1,1,1,3,4,4,5,5,5,6,7,7,0,0
65,1,1,2,2,2,2,2,2,2,2,2,3,4,4,4,4,4,4,1,1,2,2,2,2,2,2,2,2,2,3,3,4,4,4,4,4,4,4,4,4,4,5,5,5,5,5,5,5,5,5
66,2,3,3,3,3,4,2,2,2,2,2,2,2,2,3,3,3,3,4,4,4,4,5,5,5,5,5,5,5,6,7,7,0,4,4,4,5,6,6,6,6,6,1,1,1,1,1,1,1,1
67,0,0,1,1,2,3,3,3,3,4,5,6,6,6,6,6,7,0,0,0,0,0,1,1,1,1,3,3,3,5,5,5,5,5,5,5,5,6,6,7,0,3,4,4,4,4,4,4,5,6
68,7,7,7,7,7,7,7,7,7,6,7,7,7,7,7,7,7,6,6,6,6,7,7,7,7,7,7,7,0,0,0,0,0,3,3,1,2,3,3,4,0,0,0,0,1,1,1,1,1,1
69,3,2,2,2,2,2,3,3,3,3,3,3,3,3,3,3,3,4,4,4,4,4,4,4,5,5,5,6,6,7,7,7,7,7,0,0,1,1,1,1,1,1,1,1,1,1,1,1,1,1
70,6,6,0,0,0,0,0,1,1,1,2,2,2,3,3,3,3,3,3,3,0,0,0,1,1,2,2,2,2,2,2,2,2,2,2,2,3,3,3,3,3,3,3,3,3,3,3,3,3,3
71,0,0,0,0,0,0,0,1,2,2,7,7,7,7,7,7,7,3,4,4,4,4,4,4,4,5,5,5,5,5,5,5,3,3,3,3,3,3,3,3,3,3,3,3,3,3,3,3,3,3
72,0,0,1,1,2,2,2,2,2,2,2,3,3,3,3,3,3,3,3,3,3,3,3,3,0,0,0,0,0,0,0,0,0,0,0,1,1,1,5,5,5,5,5,2,2,2,2,2,2,2
73,7,7,7,7,7,0,5,5,5,5,6,6,5,5,5,5,5,5,5,5,5,5,5,5,5,5,5,5,5,5,5,6,6,6,6,6,7,7,7,0,0,0,0,1,1,7,7,7,7,7
74,1,1,1,1,1,1,1,5,5,5,4,4,4,5,5,5,5,5,5,5,6,6,6,7,7,7,7,7,7,4,4,4,4,4,4,5,5,5,5,5,6,7,7,7,7,7,7,7,5,5
75,2,3,4,4,4,5,5,5,5,5,5,5,5,5,6,6,7,7,7,7,7,7,0,0,0,0,1,1,1,2,2,2,2,3,3,3,3,4,4,4,4,4,4,4,4,4,4,4,4,4
76,2,2,2,2,2,2,2,2,2,2,2,2,2,2,2,3,3,3,3,3,3,3,3,3,3,1,1,2,2,2,2,2,2,2,2,3,3,3,4,4,4,4,4,4,4,4,5,5,5,5
77,3,3,3,3,3,4,4,5,5,6,7,7,7,7,7,7,7,7,7,0,0,0,7,7,7,7,1,6,6,6,7,7,2,2,2,2,2,2,2,2,2,2,3,4,4,4,4,4,4,4
78,6,7,7,0,1,2,2,2,2,2,2,2,2,2,2,2,2,2,2,2,3,3,3,3,4,4,4,4,4,4,4,4,4,4,4,4,4,4,4,5,5,5,5,6,7,7,7,7,7,7
79,3,3,5,6,6,4,5,5,5,5,5,0,0,0,0,0,0,1,1,1,0,0,0,0,0,0,0,0,0,0,0,0,0,0,0,0,3,3,3,3,4,4,4,4,4,4,4,4,4,4
80,7,7,0,0,0,0,1,1,1,2,2,2,2,2,3,3,3,3,4,4,4,4,4,4,4,4,4,4,5,5,6,6,7,7,7,7,0,0,5,6,7,7,7,7,7,7,7,7,7,7
81,0,0,0,0,0,0,0,0,1,1,1,1,1,1,1,1,1,1,1,2,2,2,2,3,3,3,4,4,7,0,0,0,0,0,0,0,0,1,1,7,7,7,7,7,7,7,7,7,4,4
82,1,2,2,2,2,2,2,2,7,7,7,7,7,7,7,7,7,7,7,0,1,1,2,2,2,2,2,2,2,2,3,3,3,4,5,5,5,5,5,5,6,6,6,7,7,7,7,7,2,3
83,1,3,3,3,4,4,4,4,4,4,4,4,4,4,5,5,5,5,5,5,5,5,5,5,5,5,5,5,5,5,5,5,5,5,5,5,5,5,6,6,6,6,6,6,6,6,6,7,0,0
84,6,6,3,4,4,4,4,4,4,5,5,6,6,6,6,6,6,7,0,0,0,2,2,2,2,2,2,2,2,3,5,5,0,0,0,0,0,0,2,2,4,4,4,5,5,5,5,5,5,4
85,1,1,1,1,1,2,2,2,2,2,2,2,2,2,2,2,2,2,2,2,2,3,3,4,4,4,4,4,4,4,4,4,4,4,4,4,4,4,4,5,6,6,6,6,6,7,7,7,7,0
86,0,0,1,1,1,1,1,2,3,3,3,3,3,4,4,4,4,4,4,4,0,0,0,0,0,0,0,1,1,2,2,2,2,2,3,3,6,7,7,6,6,6,6,7,7,0,0,0,1,2
87,0,0,0,0,0,0,0,0,0,0,0,0,0,0,0,0,0,0,6,6,6,6,6,7,7,7,7,7,7,7,7,7,7,7,7,0,1,1,4,4,4,4,5,5,5,5,5,5,6,6
88,0,0,0,0,0,0,0,0,0,1,1,1,1,1,1,1,1,2,2,2,5,5,5,5,5,5,6,6,6,7,7,0,1,1,1,2,2,2,2,0,0,0,1,1,5,5,5,5,5,5
89,2,2,2,2,3,3,3,3,3,3,3,3,4,4,4,4,4,5,5,5,5,5,6,6,6,6,6,7,7,7,7,2,2,3,4,4,4,5,5,6,6,6,7,7,4,4,4,5,5,5
90,3,3,3,4,5,5,5,5,5,5,2,2,3,3,3,3,3,3,3,3,3,4,4,4,4,4,5,5,5,5,5,5,5,5,7,7,7,0,1,1,2,2,2,2,3,3,3,3,3,3
91,7,7,7,7,7,7,7,0,1,2,3,4,4,4,4,4,4,4,4,5,6,6,6,6,6,6,6,6,6,6,6,6,6,6,6,6,6,6,6,6,7,7,7,7,7,7,7,7,7,5
92,1,1,2,2,2,3,3,3,3,3,3,3,3,4,4,5,5,6,6,6,6,6,6,7,7,7,0,0,1,1,1,1,1,1,1,5,5,5,5,3,3,3,3,3,4,4,4,4,4,4
93,1,1,1,2,2,2,2,2,2,3,6,6,6,6,6,6,6,6,6,6,6,6,6,6,7,7,7,7,7,7,7,7,0,0,1,2,2,3,3,3,4,4,4,5,6,6,7,7,7,7
94,3,3,4,4,4,4,4,5,6,6,6,1,1,1,1,1,1,1,1,1,1,1,1,1,1,1,1,1,1,1,1,1,1,1,1,1,1,2,2,2,3,3,4,4,4,4,5,5,5,5
95,1,1,6,6,6,6,6,7,7,7,7,7,7,7,7,7,7,0,0,0,0,0,0,0,0,1,2,2,3,4,4,4,4,4,4,4,4,5,5,6,6,6,6,7,7,7,7,7,7,7
96,1,1,2,2,3,3,3,3,3,3,3,4,4,7,0,0,0,0,1,2,2,6,7,7,7,7,7,7,7,7,7,7,7,7,7,7,7,7,0,0,0,0,0,1,1,1,1,1,1,1
97,0,0,0,1,1,1,2,2,2,2,2,2,2,0,0,0,1,1,1,1,1,2,2,3,4,4,4,4,4,4,4,4,4,5,5,6,6,7,7,7,7,0,1,1,7,7,5,5,5,5
98,5,5,5,5,6,7,7,7,7,7,7,7,5,5,5,5,5,5,6,6,6,6,6,6,6,6,0,0,0,0,0,0,0,0,0,0,0,0,0,0,0,4,5,5,5,5,5,5,2,3
99,4,4,4,4,4,4,5,5,5,5,5,6,7,7,0,0,0,0,0,0,0,0,0,0,0,0,0,0,0,1,1,1,1,1,1,1,1,1,1,1,1,1,1,1,1,1,1,1,1,1
100,2,2,2,2,2,2,2,2,2,2,2,2,2,2,2,2,3,3,3,3,3,3,3,4,4,5,5,6,6,6,6,6,7,7,4,4,4,4,4,5,6,4,1,1,2,3,3,3,3,3
101,6,6,6,6,6,7,7,0,0,0,0,4,4,4,5,5,5,5,5,5,5,5,5,5,5,5,6,7,7,0,7,4,4,5,5,6,6,6,6,7,7,7,7,7,7,7,0,0,0,0
102,4,4,3,3,3,4,2,2,2,2,2,2,2,3,3,4,4,4,4,4,6,7,7,7,7,7,7,7,7,7,0,0,2,2,2,2,2,2,2,2,3,7,7,7,0,0,0,0,0,0
103,5,5,5,5,6,6,6,6,6,6,6,6,7,7,7,7,7,0,0,0,0,0,0,0,0,0,1,1,1,1,2,2,3,3,3,3,4,4,5,6,6,6,6,7,7,7,7,7,0,0
104,2,2,2,3,3,3,3,3,4,4,4,5,5,5,5,5,5,5,5,5,5,6,6,6,6,6,6,6,6,6,6,6,6,6,6,6,6,7,7,7,7,7,0,0,0,0,0,0,0,0
105,4,4,4,4,1,1,1,1,1,3,2,2,2,2,2,2,2,2,2,2,2,2,2,2,2,2,2,2,2,2,2,3,0,0,0,0,1,1,1,1,1,1,1,1,1,1,1,1,1,1
106,4,4,4,4,4,5,5,5,5,6,6,7,7,7,3,4,4,4,5,5,5,5,5,5,6,6,7,7,7,7,0,1,1,2,1,1,7,7,7,7,7,7,7,1,1,1,1,1,1,1
107,3,4,4,5,5,5,5,5,5,5,6,6,6,6,6,6,6,7,7,7,7,7,7,7,4,4,2,2,2,2,2,2,4,4,4,1,1,1,2,2,2,2,2,2,2,2,2,2,2,2
108,7,7,7,7,7,0,0,0,0,1,1,1,1,1,1,1,1,1,1,1,1,1,1,1,2,2,2,3,3,7,7,2,2,2,2,2,3,3,4,4,4,0,0,0,1,1,1,1,1,1
109,5,5,5,5,6,6,6,7,7,7,7,7,7,0,0,0,0,0,0,0,1,0,0,0,5,5,5,5,5,5,5,6,6,6,6,6,6,6,7,7,7,7,7,7,7,0,0,1,0,0
110,6,6,6,6,6,6,6,7,6,6,7,0,0,1,1,1,1,1,1,1,1,1,1,1,1,1,0,0,0,0,0,0,0,1,1,2,2,2,2,2,2,2,2,2,3,4,5,5,5,2
111,2,2,0,1,3,3,3,3,3,3,3,3,4,4,3,3,4,4,5,6,7,7,7,7,7,7,7,7,7,0,0,0,0,0,0,1,1,1,1,1,1,1,1,2,3,3,3,3,3,4
112,7,7,0,0,3,1,1,1,1,1,2,2,2,2,2,3,4,4,4,5,5,5,6,6,6,6,7,7,7,0,0,2,2,2,3,3,3,3,3,3,3,3,4,4,4,4,4,4,5,5
113,6,6,7,7,0,0,0,1,1,1,2,2,3,3,3,3,4,3,3,3,3,3,3,3,3,3,3,3,3,3,3,3,3,3,4,4,4,0,0,0,0,1,1,1,1,1,1,1,1,1
114,5,5,5,5,6,6,6,7,7,0,0,0,0,0,0,0,0,1,1,1,1,2,2,2,2,2,2,2,2,2,2,2,2,2,2,2,2,2,2,2,2,2,2,2,2,2,2,3,3,3
115,3,3,3,3,3,3,3,3,3,3,3,3,3,3,3,3,3,3,3,3,3,3,3,3,7,7,7,7,0,0,0,1,1,1,1,1,1,1,1,2,3,3,4,4,4,4,4,5,6,7
116,2,2,2,2,3,3,3,3,3,3,3,3,4,4,4,4,5,5,5,5,5,5,5,5,5,5,5,6,6,6,6,1,1,1,1,2,2,2,2,2,2,2,3,3,3,3,3,3,3,4
117,7,7,7,7,7,7,7,7,7,0,1,1,1,1,1,1,1,1,1,7,7,7,7,7,0,0,0,0,0,0,0,0,0,0,5,6,6,6,6,6,7,7,0,0,0,0,0,0,0,1
118,0,0,0,0,0,0,1,1,1,1,1,1,1,1,2,2,3,4,4,4,4,4,4,4,4,5,5,7,7,0,0,0,0,0,0,1,1,2,2,2,2,2,2,2,2,2,2,2,2,2
119,5,5,5,5,5,7,0,0,0,0,0,0,0,0,0,0,0,0,0,0,0,0,0,0,0,0,1,2,2,2,2,2,2,2,2,3,3,3,3,0,0,0,1,7,0,0,0,0,0,0
120,5,5,6,6,6,6,6,6,6,6,6,6,6,6,6,6,7,7,0,0,0,0,0,1,1,1,1,1,1,1,1,2,1,1,1,1,1,1,2,2,2,2,3,3,3,3,3,3,3,3
121,1,4,4,4,4,4,4,4,5,5,5,5,5,5,5,5,5,0,0,0,0,0,0,0,0,0,0,0,0,0,0,0,0,0,0,0,3,3,3,3,3,3,3,2,2,5,6,6,6,6
122,1,1,5,5,5,5,5,5,5,5,5,5,5,5,5,6,6,6,6,7,7,4,4,4,4,0,0,0,0,0,0,0,0,0,7,7,7,7,7,7,0,0,0,1,1,1,2,2,2,2
123,3,3,4,4,5,5,5,5,5,5,5,5,6,6,6,6,6,6,6,4,4,4,4,7,7,7,4,4,4,4,4,5,5,5,5,5,5,5,7,7,7,7,0,0,1,1,1,1,1,2
124,6,6,6,6,6,6,6,6,6,6,6,6,6,6,6,6,6,6,6,7,7,7,7,7,7,7,7,7,0,0,0,0,7,7,7,7,7,7,0,0,0,0,0,0,0,0,1,1,1,1
125,6,6,6,6,6,6,6,6,6,6,6,7,5,6,6,7,0,0,1,2,2,2,2,2,2,2,2,2,2,2,2,2,2,2,6,6,6,6,6,6,6,0,0,0,0,1,1,1,1,1
126,0,0,0,0,0,0,0,1,1,1,1,1,1,1,1,1,1,1,1,1,1,1,1,5,5,5,5,5,6,6,6,6,6,7,7,7,7,7,7,7,7,0,0,0,0,0,0,0,0,0
127,5,5,5,5,5,3,3,3,3,3,3,3,3,3,3,5,5,5,5,5,5,5,5,5,5,6,7,7,7,0,0,0,0,1,1,1,1,2,2,2,2,3,3,4,4,5,5,6,6,7
128,6,6,5,5,6,6,6,7,7,0,1,1,1,1,1,1,1,1,1,2,2,3,3,3,3,3,4,4,4,4,4,4,4,4,4,4,6,6,6,6,6,6,6,6,6,6,6,6,7,7
129,1,1,1,2,2,3,4,4,4,5,5,6,6,7,7,7,7,7,7,7,7,0,0,0,0,7,0,0,1,2,2,2,2,2,2,2,3,3,3,3,3,3,3,3,3,3,3,4,4,5
130,2,2,6,6,6,7,7,0,0,6,6,6,6,7,0,0,0,0,0,0,0,0,0,0,1,1,1,2,2,2,2,3,3,3,3,3,3,3,3,2,2,2,2,2,3,3,5,5,5,5
131,6,6,6,6,6,6,6,6,6,6,6,6,6,6,6,6,6,6,6,6,6,6,6,6,6,6,6,6,7,7,7,7,7,5,5,5,1,1,2,2,3,3,3,3,3,3,3,4,5,5
132,1,1,1,2,3,1,1,1,1,1,1,7,3,3,3,3,3,3,3,3,3,3,3,3,3,4,4,4,4,4,4,4,5,7,4,4,4,5,5,5,5,6,6,6,6,6,7,2,3,3
133,7,7,7,7,7,7,7,7,7,7,7,7,7,7,7,7,0,0,0,0,0,0,0,5,5,5,5,5,5,6,6,6,6,6,6,6,6,6,6,6,7,4,4,4,5,0,0,1,1,1
134,3,3,3,3,3,4,4,4,5,3,3,3,4,5,5,5,5,5,6,6,6,6,6,7,0,1,1,1,1,1,2,2,2,3,3,3,3,4,4,4,4,4,4,3,3,3,5,5,5,6
135,5,5,4,4,4,4,4,5,6,6,6,6,7,7,0,0,3,3,3,4,4,4,4,5,5,6,6,6,6,6,6,1,1,1,1,1,5,5,5,5,5,5,0,0,0,0,0,0,0,0
136,1,1,1,2,2,2,2,2,2,2,2,2,2,3,3,4,4,5,5,2,2,2,2,2,3,3,3,3,4,4,4,4,4,4,4,5,5,5,5,5,5,5,6,3,3,3,3,3,4,4
137,7,7,0,4,4,4,4,4,4,5,5,5,6,7,7,7,7,7,7,7,7,2,2,2,2,2,3,3,0,0,0,2,2,2,2,2,2,1,1,1,1,1,2,2,5,5,5,6,6,6
138,4,4,5,3,3,4,4,5,5,5,7,7,7,7,7,7,5,5,5,5,5,7,7,7,7,7,0,1,1,1,1,1,1,1,1,1,1,2,2,2,7,7,7,7,7,7,7,7,7,0
139,4,4,4,5,5,5,5,5,5,5,4,4,4,4,4,4,4,4,4,4,5,5,5,5,5,6,6,3,3,3,3,3,3,4,4,4,4,4,4,5,5,2,2,2,2,2,2,2,2,2
140,5,5,6,6,6,6,6,7,7,7,7,7,7,0,0,0,0,0,0,0,1,1,3,3,3,7,0,1,1,1,1,1,1,1,1,1,1,1,1,4,4,4,6,6,6,6,6,6,7,4
141,5,5,5,6,6,7,0,0,1,1,1,1,2,2,2,2,2,2,2,2,2,2,2,2,2,2,2,2,2,2,2,2,3,3,3,3,3,3,3,6,3,3,4,4,4,4,5,5,6,6
142,7,7,7,7,7,7,0,0,0,0,0,1,1,1,6,6,6,6,6,7,0,0,0,0,0,1,1,1,1,2,2,2,2,2,2,2,2,2,3,3,3,3,3,3,3,3,4,4,4,4
143,3,4,4,0,2,2,3,3,0,0,0,0,0,0,0,0,0,1,1,2,3,3,4,4,4,4,4,5,5,5,5,5,5,5,5,5,5,5,2,2,2,2,3,3,3,4,4,4,4,4
144,4,5,6,1,1,1,1,2,2,7,7,0,0,0,0,0,0,1,1,1,1,0,0,1,1,1,1,1,1,1,1,1,1,2,2,3,6,6,7,7,7,7,7,7,7,7,0,0,1,2
145,2,2,2,2,2,2,2,2,2,3,3,4,4,4,4,4,7,7,7,7,7,7,0,0,0,0,0,0,0,5,6,6,6,7,7,7,7,2,2,2,3,3,3,4,2,2,2,2,2,2
146,7,7,7,2,3,7,0,0,1,2,2,2,3,3,4,1,1,1,1,1,1,1,0,0,0,0,3,4,4,4,5,6,6,6,6,6,6,5,5,5,5,4,5,5,5,5,5,5,5,5
147,2,3,3,3,3,4,4,5,5,6,6,7,7,0,0,1,1,1,1,1,1,1,1,1,1,1,1,2,2,3,3,4,4,4,4,4,4,5,6,6,6,6,6,6,6,6,6,6,6,6
148,1,7,7,7,7,7,0,0,0,0,0,0,1,2,2,2,2,2,2,2,2,2,2,2,2,2,2,2,2,6,0,0,0,6,6,7,0,0,0,0,0,4,4,4,5,5,5,5,6,6
149,3,3,3,3,3,4,4,3,3,3,3,3,3,3,3,3,3,4,4,4,4,4,4,4,4,4,4,4,4,5,6,6,6,6,6,6,6,6,7,7,7,7,7,7,0,0,0,1,1,2
150,7,4,4,4,5,5,5,5,5,5,5,5,5,5,5,5,5,5,5,5,5,5,6,7,7,7,7,7,0,0,0,0,0,7,7,7,7,0,1,1,2,2,2,2,2,2,3,4,4,5
151,5,6,5,5,5,5,5,5,5,6,6,7,7,7,7,7,7,7,0,0,0,0,0,0,0,0,0,0,0,0,0,0,0,1,1,1,1,1,1,1,2,2,3,3,3,3,3,3,3,3
152,2,3,3,3,3,3,3,4,4,4,4,5,5,5,5,5,5,5,5,5,5,5,5,5,5,5,3,3,4,4,4,4,4,4,4,4,4,4,5,5,5,5,5,5,5,5,5,6,6,6
153,2,2,2,2,2,3,3,3,4,4,4,4,2,5,5,5,5,6,6,6,6,6,7,7,7,7,7,7,7,7,7,4,3,3,4,4,4,4,4,4,4,5,5,5,5,5,5,5,5,5
154,1,1,1,1,1,2,2,2,2,2,2,2,2,2,0,0,0,0,0,0,0,1,1,2,2,2,2,3,3,3,3,3,3,3,3,3,3,3,3,3,3,4,4,4,4,6,6,6,6,7
155,3,3,0,0,0,1,1,2,2,2,2,3,3,3,3,3,3,4,4,4,4,4,5,5,5,5,5,5,5,5,5,5,5,5,5,5,5,5,5,5,5,5,5,5,5,5,6,6,6,6
156,6,6,6,6,6,6,6,7,7,7,7,7,0,4,4,4,4,4,4,3,3,3,3,3,3,4,4,4,4,4,5,5,6,7,4,4,4,5,5,0,0,0,0,0,0,0,0,0,0,0
157,2,2,3,3,4,2,2,2,3,4,4,4,4,4,4,4,4,4,4,4,5,5,5,5,6,6,7,7,7,7,7,7,4,4,4,4,4,4,4,5,6,6,6,6,6,6,6,6,6,7
158,4,4,4,4,4,4,5,6,6,7,7,7,0,0,0,1,6,6,6,6,6,6,6,2,2,3,3,3,3,3,3,6,6,6,6,6,6,6,6,6,6,6,6,6,7,0,0,7,7,7
159,0,0,1,1,1,2,2,3,3,3,3,4,4,4,4,4,4,5,5,5,5,5,5,5,5,5,6,6,6,1,1,6,6,7,7,7,7,7,7,7,7,7,0,0,0,0,0,0,0,0
160,5,5,5,5,4,4,5,6,6,6,6,6,6,6,6,6,6,6,6,7,7,7,0,0,0,0,0,5,5,5,4,4,4,4,5,5,5,5,3,3,4,5,5,5,5,5,5,5,6,6
161,1,2,2,2,1,1,1,1,1,1,6,6,6,6,6,6,5,5,5,5,5,5,6,6,6,6,6,6,6,6,6,6,7,7,7,7,5,5,5,6,6,6,6,6,7,7,7,0,0,0
162,3,3,3,3,3,3,3,3,3,3,3,4,4,4,5,6,6,7,7,7,7,7,7,7,0,0,1,1,1,1,1,1,1,2,2,2,2,2,3,3,3,3,3,3,3,3,3,3,3,3
163,5,5,6,6,6,6,7,7,7,7,0,0,0,1,1,1,1,1,2,2,2,3,3,3,3,3,3,3,4,4,4,4,4,4,4,4,4,4,4,4,5,5,5,6,6,6,6,6,6,7
164,4,4,4,5,5,5,5,5,6,6,6,6,6,6,6,6,2,3,4,4,4,5,4,4,4,4,4,4,4,4,4,4,4,4,4,4,4,5,5,5,5,5,6,6,6,6,7,7,7,7
165,3,3,3,3,3,3,4,4,5,6,6,6,0,0,0,1,1,1,0,0,0,1,1,1,1,1,1,1,1,1,1,1,1,1,1,1,1,2,2,6,6,3,3,4,4,5,6,6,6,3
166,4,4,4,4,4,4,4,4,5,5,5,5,5,5,5,5,5,5,6,6,7,7,7,7,7,7,7,7,7,7,7,7,7,7,7,7,7,0,0,0,3,3,3,3,3,3,4,4,4,5
167,3,3,3,3,3,3,3,3,6,7,7,7,7,5,6,7,7,7,7,0,0,1,1,1,2,2,2,2,2,2,2,2,2,2,2,2,2,2,2,2,2,2,3,3,3,3,3,3,3,3
168,6,7,7,0,1,1,1,1,1,1,1,1,2,2,2,2,2,3,3,3,3,7,0,0,0,0,0,0,0,1,1,1,1,1,1,1,1,5,5,5,5,5,6,6,6,6,6,6,6,7
169,3,3,3,3,3,4,4,4,4,5,5,5,5,5,5,5,6,6,6,6,6,6,6,6,7,7,7,7,6,6,6,6,6,6,6,4,4,4,5,5,5,5,5,5,6,6,6,0,1,1
170,4,4,4,5,5,5,5,1,1,1,1,2,2,2,2,2,3,3,4,4,5,5,5,5,5,5,5,6,6,6,6,6,6,7,7,7,6,6,6,6,6,7,7,1,1,1,1,1,2,2
171,3,3,3,3,4,4,4,4,4,4,4,4,4,6,6,7,7,7,7,7,7,7,7,7,7,7,0,0,0,0,0,0,1,2,2,6,6,6,6,6,6,6,6,6,6,6,6,6,7,7
172,3,3,3,3,4,5,6,6,6,6,6,6,7,7,7,0,6,6,6,7,7,0,0,0,0,0,0,0,0,0,0,0,0,0,0,0,0,0,0,0,0,1,2,2,2,3,3,3,4,4
173,4,4,5,5,5,5,5,5,5,6,6,6,6,6,6,7,0,0,0,0,0,0,0,0,2,2,2,2,2,2,2,2,2,2,2,2,2,2,2,4,4,4,4,4,4,5,5,6,6,6
174,1,2,2,2,2,2,2,2,2,1,1,1,1,1,1,1,1,1,2,2,2,3,3,4,4,4,4,4,4,4,4,4,5,5,5,5,5,6,6,7,7,7,7,7,7,0,0,0,0,0
175,1,2,2,2,2,2,2,2,2,2,2,5,5,5,5,5,5,5,5,5,5,6,7,7,7,7,7,7,7,1,1,1,1,1,1,4,4,5,6,7,7,7,7,7,7,4,3,3,3,4
176,7,7,7,7,7,7,7,0,0,0,1,2,2,7,7,7,7,7,7,7,7,0,0,0,1,1,1,1,1,1,1,1,1,1,1,1,1,2,2,3,2,3,3,3,3,7,7,7,7,7
177,5,5,6,7,7,7,0,0,0,0,1,1,1,1,1,3,3,3,3,4,4,4,1,3,3,1,1,1,1,1,1,2,2,2,2,2,2,2,3,3,3,3,3,3,3,3,3,3,0,0
178,5,5,5,5,6,7,7,7,7,0,0,0,0,0,5,5,5,5,5,5,2,2,2,2,2,2,2,2,3,3,3,3,3,4,5,5,6,6,6,7,7,7,7,7,0,0,0,0,0,0
179,6,7,7,7,7,7,7,7,7,7,0,0,0,0,0,0,0,0,0,0,0,0,0,0,1,1,1,2,2,2,2,2,2,3,3,3,3,3,4,4,1,1,1,1,1,2,2,2,2,2
180,7,7,7,7,7,7,7,7,7,7,0,0,0,0,0,0,1,1,1,4,4,4,4,4,4,4,4,4,4,4,4,5,5,5,5,5,5,5,5,5,6,6,6,6,6,6,6,6,6,6
181,3,7,7,7,0,0,0,0,0,0,0,0,0,0,0,0,0,0,0,0,1,2,2,3,4,4,4,4,4,4,4,4,4,4,4,4,4,4,4,4,4,4,3,3,3,3,4,4,4,4
182,1,1,1,1,1,1,1,1,1,1,1,1,1,1,7,7,7,7,7,7,7,7,7,7,7,7,3,3,3,3,4,4,4,5,5,5,5,2,2,1,1,1,1,1,2,2,6,6,7,7
183,6,5,5,5,5,5,5,5,5,6,6,6,6,6,6,6,6,6,6,6,6,6,6,6,6,6,6,6,7,7,7,7,7,7,7,7,7,7,0,4,4,1,1,1,1,1,1,1,1,1
184,7,7,0,0,0,0,1,1,1,1,1,1,1,0,0,0,1,1,2,2,3,3,3,3,3,3,3,3,6,6,6,6,6,6,7,7,7,0,0,0,0,0,0,0,0,0,0,0,0,0
185,3,6,6,6,6,7,0,0,0,0,0,0,0,0,0,0,0,0,0,0,0,0,0,0,3,3,3,3,3,3,3,0,0,0,0,0,1,2,3,4,5,5,5,5,5,5,5,5,5,6
186,6,7,7,7,0,0,0,0,0,0,3,4,4,4,4,4,4,4,4,4,4,4,4,4,5,5,5,5,5,5,5,6,6,7,7,1,1,1,1,1,1,1,1,1,1,1,2,0,0,0
187,5,5,0,0,0,0,1,1,1,1,2,2,2,2,2,2,2,2,4,5,5,5,5,5,7,7,7,7,7,7,7,0,0,0,0,0,1,1,1,1,1,1,1,1,1,1,1,7,6,6
188,5,2,2,2,2,2,2,2,3,3,3,4,4,4,4,4,4,4,4,4,4,4,4,4,5,5,5,5,5,5,5,5,6,6,6,6,1,1,2,2,2,2,2,3,3,3,3,4,4,4
189,0,0,0,0,0,0,0,0,0,0,1,1,1,1,1,2,2,2,2,2,2,2,3,3,3,3,3,4,4,5,5,5,5,5,5,5,5,5,5,5,5,5,0,0,0,1,1,6,4,4
190,6,6,7,7,6,4,4,4,4,5,5,5,5,6,6,6,7,7,1,1,1,1,1,1,2,2,3,3,3,3,4,4,4,4,4,4,4,5,5,5,6,7,7,0,0,1,2,2,2,2
191,0,0,1,1,1,1,1,1,1,2,2,2,3,3,3,3,3,4,4,4,4,4,4,5,5,5,5,5,5,1,2,2,6,7,7,7,7,7,0,0,0,0,0,0,0,0,0,0,7,7
192,7,7,7,0,0,0,1,1,1,2,2,2,2,2,3,3,3,3,6,6,6,7,1,1,1,1,1,1,1,1,1,1,1,1,1,1,1,1,1,1,1,1,1,1,1,1,1,2,2,2
193,2,2,2,2,2,2,2,2,2,2,2,2,2,2,2,2,2,2,2,3,5,5,5,5,5,6,6,6,6,6,6,6,6,6,6,6,6,6,6,6,6,6,7,7,7,7,0,1,1,2
194,5,5,5,5,5,5,5,5,5,5,6,6,6,7,7,7,7,7,7,7,7,7,7,7,7,7,7,0,0,0,0,1,1,1,1,1,1,1,1,2,3,0,0,0,6,6,6,6,6,6
195,3,4,4,4,5,5,5,6,6,6,6,6,6,6,6,6,7,7,7,7,7,7,7,5,5,5,5,4,4,7,0,0,0,0,0,0,0,0,0,1,1,2,3,3,3,3,4,4,4,4
196,6,6,6,6,7,3,4,4,5,5,5,5,5,5,5,5,5,5,5,5,5,5,5,5,5,5,5,5,5,5,5,5,5,5,5,5,5,5,6,6,6,6,4,4,4,5,5,5,5,5
197,4,4,4,4,5,5,5,5,5,3,3,3,3,3,3,4,4,4,4,4,4,4,4,4,4,4,0,0,0,0,0,1,1,1,1,1,1,1,1,1,1,1,1,1,1,1,1,1,5,6
198,0,0,0,0,0,5,5,5,5,5,5,5,5,6,5,6,6,6,7,0,0,1,1,2,3,3,3,4,4,7,7,0,0,1,1,2,2,2,2,2,2,2,2,3,3,3,3,3,3,3
199,7,7,7,2,2,2,2,2,2,2,2,3,4,4,4,4,4,4,5,5,5,6,6,6,7,7,7,0,6,6,6,6,7,7,7,7,7,7,7,7,7,7,0,0,0,0,0,0,0,1
200,0,0,0,1,1,1,1,1,1,1,1,1,2,2,4,5,5,6,6,6,6,7,7,0,0,0,1,1,1,1,1,1,1,1,1,1,1,1,2,2,2,2,2,2,2,2,2,2,2,2
201,5,5,5,5,6,6,6,6,7,7,7,7,0,4,4,4,4,5,5,5,5,6,6,7,7,7,7,7,0,0,0,0,0,0,0,0,0,0,7,7,7,7,7,7,7,0,1,1,1,1
202,4,4,4,4,5,5,6,7,7,4,5,5,6,6,6,6,4,4,5,5,5,4,5,5,5,5,5,5,5,5,5,5,6,6,6,6,6,6,6,6,6,6,6,6,6,6,6,6,6,6
203,5,5,5,5,5,5,5,5,6,7,7,7,7,7,7,7,7,7,7,7,7,7,7,7,7,7,0,0,0,0,0,5,5,5,3,3,3,3,3,3,3,4,4,4,4,5,5,5,5,5
204,3,0,0,1,2,2,2,3,3,3,3,3,3,4,4,4,5,5,6,6,6,6,6,6,6,6,6,6,7,7,7,5,5,5,5,5,5,5,5,5,6,6,6,6,6,6,6,6,6,6
205,5,5,2,2,2,2,2,2,2,2,3,3,3,3,3,3,3,3,3,3,3,3,7,7,7,0,0,0,0,0,0,0,1,2,2,2,2,2,2,2,2,2,2,2,0,0,0,1,1,1
206,2,3,3,3,4,4,4,6,6,7,7,7,7,7,7,7,7,0,7,7,0,0,0,0,0,0,0,0,0,3,0,0,0,0,0,0,1,1,5,5,5,5,5,5,5,5,6,6,6,3
207,2,2,2,2,2,2,3,3,3,4,4,5,5,5,5,5,5,6,6,6,3,3,3,3,3,7,7,7,7,7,7,7,7,7,7,7,7,0,0,1,2,2,2,2,2,2,2,2,2,2
208,1,1,2,2,2,3,3,0,0,0,1,1,1,2,2,2,2,1,1,1,1,1,1,1,2,2,2,2,0,0,0,0,0,1,1,5,5,5,5,5,5,5,6,6,6,6,6,7,2,3
209,5,5,6,6,6,6,6,6,7,1,1,1,1,1,1,1,1,2,2,2,2,2,2,2,2,2,0,0,0,0,0,1,1,2,2,2,3,3,3,3,3,4,4,4,3,3,4,4,4,4
210,0,0,0,1,2,2,2,2,2,2,2,2,2,7,7,7,0,0,0,0,0,0,0,1,1,1,1,1,1,1,1,2,3,3,3,3,3,3,3,3,3,4,4,4,4,4,4,4,4,4
211,7,7,7,7,7,7,0,0,1,1,2,2,2,2,2,3,3,3,5,5,5,5,5,5,5,5,5,5,5,5,6,6,6,6,6,6,7,7,7,7,7,7,7,7,7,0,0,0,0,1
212,1,1,1,1,1,1,1,1,1,1,1,2,3,3,3,3,3,3,3,3,3,3,3,3,3,3,4,4,1,2,2,2,2,2,2,2,2,2,7,7,7,7,7,7,7,7,0,0,0,0
213,1,1,1,1,1,1,1,1,1,1,2,3,3,3,3,3,4,4,4,4,4,4,4,5,6,6,6,6,6,6,7,7,7,7,7,0,0,0,2,2,2,3,3,3,3,3,3,3,3,3
214,6,7,7,7,7,7,7,7,7,7,7,0,1,1,1,1,1,1,1,1,1,1,1,1,1,1,2,2,2,2,3,4,4,4,4,5,7,3,3,3,3,3,3,3,3,2,2,2,2,2
215,5,5,5,5,6,6,6,6,6,6,6,6,6,6,6,7,7,7,7,7,0,1,1,1,5,5,5,5,5,5,5,5,5,5,5,6,6,3,3,3,3,5,6,2,2,2,2,2,2,2
216,7,7,7,7,1,2,2,2,2,3,3,3,3,3,4,4,4,4,4,4,4,5,5,5,5,5,5,4,4,4,4,4,4,4,5,5,5,5,6,6,6,6,6,6,6,6,6,6,7,0
217,7,7,7,0,0,0,0,3,3,3,3,3,3,3,4,4,4,5,5,5,5,5,5,5,5,5,6,6,6,6,6,1,1,1,1,1,1,2,3,4,6,7,7,7,7,0,0,0,0,0
218,1,1,1,1,1,1,1,1,1,1,1,1,2,2,2,2,2,3,3,3,3,3,3,7,7,0,0,0,1,3,3,3,4,4,4,4,4,5,5,6,6,6,6,6,6,7,3,3,1,1
219,1,2,2,3,3,5,5,5,6,6,6,6,6,6,7,7,0,0,0,0,0,0,0,0,0,5,5,5,5,5,5,5,5,6,6,6,5,2,3,3,4,4,4,4,5,5,5,5,7,7
220,0,0,1,1,1,1,1,1,1,1,1,1,1,1,1,1,1,1,2,2,0,0,0,0,0,0,1,1,1,1,1,1,1,4,4,4,6,6,6,7,7,7,7,7,7,7,0,1,1,1
221,2,2,2,2,2,2,2,2,2,2,2,3,3,4,4,4,4,4,4,4,4,4,5,5,5,5,5,5,5,5,5,5,5,6,6,6,6,7,7,0,0,0,0,1,1,1,1,2,2,2
222,7,7,7,0,0,0,0,0,0,1,1,2,2,2,2,2,2,2,3,3,3,3,3,3,3,3,3,3,3,3,4,4,4,5,5,5,5,5,6,6,7,7,7,7,7,7,7,7,1,1
223,4,4,4,4,4,4,4,4,1,1,1,1,2,2,2,2,3,4,4,4,4,4,4,4,4,7,7,7,7,7,7,7,0,0,1,1,2,2,2,2,2,2,2,2,2,2,2,3,5,6
224,5,5,5,5,5,5,5,5,5,5,6,6,7,7,7,7,7,7,7,7,7,7,0,0,0,0,1,1,1,1,1,1,1,1,1,1,1,1,2,2,2,2,3,3,2,2,0,1,1,1
225,6,6,6,6,6,6,6,3,3,3,3,3,3,3,3,3,3,3,3,3,3,0,0,0,0,0,0,0,0,1,1,2,2,2,2,2,2,2,2,2,2,1,1,1,1,1,1,1,1,1
226,5,5,5,5,5,5,5,6,7,7,7,7,7,7,7,7,4,4,4,4,4,4,4,5,5,5,5,5,6,6,6,6,6,6,7,0,0,0,0,0,0,0,0,0,1,1,1,1,2,2
227,3,3,3,3,3,3,3,3,3,4,4,4,4,5,5,5,5,5,5,5,5,5,5,5,6,6,6,6,6,6,6,7,7,7,7,7,0,0,1,1,1,1,1,2,2,2,3,3,3,3
228,3,3,3,3,6,6,6,6,6,4,4,4,5,5,5,6,6,6,6,6,6,0,0,0,1,1,2,2,2,2,2,3,3,3,3,3,3,3,3,3,6,6,1,1,1,1,1,1,2,2
229,6,3,3,3,3,4,4,5,6,6,6,7,7,7,7,0,0,0,0,0,0,0,0,1,1,1,1,4,4,4,5,5,5,6,6,7,7,0,0,0,0,0,1,1,2,5,7,7,7,6
230,3,3,3,3,3,4,5,5,5,5,5,5,5,5,5,5,5,5,5,5,5,4,4,4,4,4,5,5,5,5,5,5,5,6,6,6,6,6,7,7,7,7,7,7,7,7,0,0,0,0
231,6,7,7,0,0,0,2,2,3,3,3,3,3,3,3,3,3,3,3,3,3,3,3,4,5,5,5,4,4,4,4,4,7,0,0,0,0,0,0,0,0,0,0,0,0,0,0,2,2,2
232,6,6,1,1,2,3,3,3,3,4,4,4,4,4,4,4,4,5,5,5,5,5,5,5,6,6,6,6,6,6,6,6,6,6,6,6,6,6,4,3,3,3,3,3,3,3,3,3,7,7
233,6,6,6,6,6,7,6,6,6,6,6,6,7,0,0,0,0,0,0,0,0,1,1,1,1,1,1,1,1,1,1,1,1,1,1,1,1,1,1,2,3,3,3,3,3,3,3,3,4,1
234,1,1,1,1,1,1,1,3,3,3,3,3,3,3,3,3,3,4,4,4,4,4,4,4,4,4,5,5,5,6,6,7,2,2,2,2,2,2,2,3,3,3,3,3,3,3,3,3,3,3
235,5,5,5,5,5,5,5,5,5,5,5,5,5,6,6,6,6,6,6,6,6,7,0,0,0,0,0,0,0,0,0,0,0,0,0,0,0,1,1,1,1,1,1,1,1,1,2,3,3,3
236,5,6,6,6,6,6,6,6,6,6,7,7,7,7,7,7,7,7,0,1,1,1,1,1,2,2,2,3,3,3,3,3,3,3,3,3,3,4,4,4,5,5,5,5,6,6,6,7,7,7
237,5,5,5,5,5,5,5,6,6,7,7,7,4,4,4,4,4,4,4,4,4,4,4,4,0,0,0,0,0,2,3,3,3,3,3,3,3,3,3,3,3,4,4,4,5,6,6,7,7,7
238,7,7,7,7,7,7,7,6,6,6,1,1,2,2,2,3,3,3,4,4,4,5,5,6,6,6,6,6,6,7,0,0,0,1,1,1,1,2,2,2,2,3,3,3,3,3,5,5,5,5
239,7,7,7,7,7,7,7,7,7,7,7,7,7,0,0,1,1,1,2,3,4,4,4,4,4,4,4,4,4,4,4,5,6,6,6,6,0,1,1,1,1,1,7,7,7,7,0,1,1,1
240,6,6,7,0,0,1,2,1,1,1,1,2,2,2,3,3,3,3,3,3,3,3,3,3,4,4,4,4,5,5,5,5,5,5,5,6,6,6,6,6,7,7,7,7,7,7,7,7,7,4
241,0,0,0,1,1,1,1,1,1,1,2,2,2,2,3,7,7,7,7,0,1,1,1,1,7,7,6,6,7,7,7,7,7,4,5,5,5,5,5,5,5,5,5,5,5,5,5,5,5,1
242,0,0,1,1,1,2,2,2,2,2,2,2,2,2,2,2,2,2,2,2,2,2,3,3,3,4,4,4,5,6,7,5,5,5,6,4,4,4,4,4,4,4,5,5,5,5,5,5,6,6
243,6,7,7,7,7,7,7,7,7,7,7,7,2,2,2,3,3,3,3,4,4,4,4,4,4,4,4,4,4,5,5,5,5,6,6,6,6,6,6,6,7,7,7,4,4,4,4,4,4,4
244,0,0,0,0,0,1,1,1,1,2,2,2,2,2,2,2,2,2,2,2,2,2,2,2,2,2,3,3,3,5,5,6,6,6,6,6,0,0,1,1,1,1,1,1,1,1,2,2,2,2
245,0,0,0,0,1,2,3,3,3,4,4,4,4,5,5,3,3,4,4,4,4,4,4,4,4,4,5,5,6,6,6,6,6,6,7,7,0,0,6,6,6,6,6,6,6,6,6,6,6,7
246,6,6,7,7,7,7,7,7,7,7,0,1,1,1,2,2,2,2,2,2,2,2,3,3,3,4,4,4,4,4,4,6,5,1,1,1,1,1,1,1,1,1,1,2,3,3,3,3,3,3
247,3,3,3,3,4,4,4,4,4,4,5,4,4,4,4,4,5,6,6,6,6,6,6,6,6,6,7,7,7,0,0,0,0,0,0,0,0,0,0,0,0,5,6,6,6,7,7,7,7,7
248,1,2,2,2,2,2,2,3,4,4,4,5,5,5,5,5,5,5,5,6,7,7,7,7,7,7,7,7,0,0,0,0,0,0,0,0,0,0,0,0,0,1,1,1,1,2,2,2,2,2
249,7,7,7,7,7,0,0,1,1,1,1,0,1,1,1,1,2,3,4,4,4,4,4,4,4,2,2,2,2,2,0,0,0,3,3,3,3,4,4,5,5,6,7,7,0,1,2,2,3,3
250,2,2,2,2,6,6,6,6,6,6,7,7,7,7,0,0,0,0,0,0,0,0,0,0,1,1,1,5,5,6,5,5,5,5,2,2,2,2,2,2,2,2,2,2,3,3,4,4,5,5
251,4,5,5,5,6,6,6,1,3,7,7,7,7,7,0,0,6,6,6,6,6,6,7,0,0,3,3,3,5,5,5,6,6,7,7,7,7,7,7,3,3,3,3,3,3,3,3,3,3,3
252,4,4,4,4,4,4,4,4,4,5,5,5,6,6,6,6,6,6,6,6,6,6,7,7,7,7,7,7,7,7,7,7,0,0,6,5,5,5,5,5,5,5,3,3,4,4,4,4,0,0
253,3,3,3,3,3,3,3,3,3,4,4,4,4,4,4,5,6,6,6,6,6,6,7,7,0,0,0,0,0,0,0,0,0,4,4,4,4,4,4,6,7,0,0,0,7,7,7,7,0,0
254,1,1,1,1,1,1,1,1,1,1,1,1,1,1,1,1,1,1,1,2,2,2,2,2,2,2,2,2,2,2,0,0,1,1,1,1,2,2,2,2,2,2,2,2,2,2,2,2,2,2
255,1,2,3,7,0,1,1,1,1,2,3,3,3,3,2,2,2,2,2,2,2,2,2,3,3,3,4,5,5,6,6,6,7,7,7,0,1,1,7,1,1,1,1,1,1,3,4,4,5,6
256,2,2,3,3,3,2,0,0,0,1,1,2,6,6,6,6,6,6,6,2,3,3,3,3,3,4,3,3,3,4,4,4,4,4,4,4,5,5,5,7,7,0,0,0,0,0,0,0,0,2
257,5,5,5,5,5,5,5,5,7,0,0,0,0,1,1,2,2,2,3,3,3,3,3,4,4,4,4,4,4,4,0,1,1,1,2,2,2,2,2,2,2,7,0,2,2,2,2,2,2,2
258,4,4,4,4,4,4,5,5,5,5,6,6,6,6,6,6,6,6,6,6,6,6,6,6,6,6,7,7,7,7,7,7,0,1,2,3,3,3,3,3,3,3,4,4,4,5,5,5,5,5
259,1,1,1,1,1,1,1,1,1,1,1,1,2,2,2,2,2,3,3,3,4,4,4,4,4,4,4,4,4,4,4,4,4,4,5,5,5,5,6,6,4,5,5,5,5,5,5,5,5,5
260,2,2,2,2,7,0,0,0,0,0,5,6,6,6,7,7,7,7,7,7,6,6,6,6,6,6,6,6,6,6,6,7,7,7,7,5,5,5,3,3,4,4,4,4,4,4,4,5,5,5
261,7,7,7,7,7,7,7,0,0,1,1,1,1,1,2,2,2,3,3,3,3,3,3,3,3,3,7,7,7,7,7,7,0,0,3,3,3,3,3,3,1,1,1,1,1,1,1,1,1,1
262,1,2,2,2,2,3,3,3,3,3,3,2,2,2,2,2,3,3,0,0,0,0,1,4,4,3,3,3,3,3,3,3,3,3,3,3,3,3,3,3,3,4,4,4,5,5,5,5,5,5
263,4,4,4,4,4,4,5,5,5,6,6,6,6,6,6,6,6,6,6,3,3,3,3,3,3,3,3,3,3,3,3,4,4,4,4,4,4,4,4,4,4,4,5,5,5,5,5,6,6,6
264,1,1,1,1,1,1,1,1,1,1,1,2,2,2,2,3,3,3,3,7,0,0,0,0,0,1,1,2,2,3,2,2,1,2,2,2,2,3,3,3,3,3,4,5,5,5,6,1,1,2
265,7,1,1,1,1,1,1,1,1,1,4,4,4,4,5,6,6,2,2,3,3,3,3,3,3,3,3,4,4,4,4,4,4,4,4,4,4,4,5,5,5,5,6,6,6,7,0,1,1,1
266,1,1,1,1,1,1,1,1,1,2,2,2,2,2,2,2,2,3,3,4,4,4,5,5,7,0,0,0,0,0,0,0,1,1,1,1,1,1,2,2,2,2,2,2,2,2,2,2,2,2
267,0,0,0,0,0,0,0,0,1,3,3,3,3,3,3,3,3,3,3,3,3,3,3,3,3,3,3,7,7,7,0,0,0,0,1,2,2,2,2,2,5,5,5,5,5,5,5,6,6,6
268,7,7,7,7,7,7,7,7,7,7,7,7,7,7,0,0,0,0,0,0,0,1,1,1,1,1,2,2,2,2,2,2,2,2,2,2,2,2,2,2,2,2,2,2,3,3,3,3,3,3
269,0,0,0,0,0,1,1,1,2,2,3,3,3,3,3,3,4,5,5,5,5,5,0,2,2,2,2,2,2,2,2,2,3,3,4,4,4,4,5,6,7,7,7,7,1,2,2,2,5,6
270,1,1,2,2,2,1,1,1,1,1,1,1,5,5,5,5,5,5,5,5,5,5,2,2,2,5,6,7,7,7,7,7,7,7,0,1,1,2,2,2,2,2,2,2,2,3,3,3,3,4
271,4,4,4,2,2,2,0,0,0,0,0,0,0,0,0,0,0,0,0,0,1,2,2,2,3,3,3,3,3,3,3,3,4,4,4,4,4,4,4,4,5,5,5,5,5,5,5,5,5,5
272,4,5,5,6,6,7,7,7,7,7,7,0,0,1,1,1,1,2,2,2,2,2,2,2,2,3,3,3,3,3,4,5,6,6,6,6,7,7,7,7,7,7,7,7,7,7,7,7,0,0
273,3,3,3,3,3,3,3,3,4,4,4,2,2,2,2,2,2,2,0,4,4,4,4,4,5,6,6,6,6,6,6,6,6,6,6,7,7,2,2,2,6,7,7,7,7,0,0,0,0,0
274,0,0,0,0,0,0,0,0,1,1,1,1,1,1,1,2,2,2,2,5,6,6,7,7,7,7,7,7,7,7,7,0,0,1,1,1,1,1,2,2,2,2,7,7,7,7,7,7,7,7
275,4,4,5,5,5,5,6,7,7,7,7,7,0,1,1,1,2,2,2,2,2,2,2,3,3,3,3,3,4,5,5,5,5,5,5,5,5,6,7,7,3,4,5,5,5,5,5,5,5,5
276,2,2,4,5,6,6,5,5,5,5,6,6,7,7,7,7,7,7,7,7,7,7,7,7,7,7,7,7,7,7,7,6,6,6,6,4,4,4,4,5,5,5,5,5,5,6,6,6,1,5
277,6,6,6,6,6,7,0,0,0,0,2,2,7,0,0,0,0,1,1,1,1,1,1,1,1,1,1,2,5,5,5,5,5,5,5,5,0,1,1,1,1,1,1,1,1,2,2,7,7,7
278,3,3,3,3,5,5,5,5,5,5,6,6,7,7,7,7,0,1,1,1,1,1,1,1,1,2,2,2,7,7,7,7,7,7,7,7,7,0,0,0,7,0,0,0,0,1,6,1,1,1
279,4,5,5,5,6,6,6,6,6,2,2,2,2,3,3,3,4,4,4,4,4,2,2,2,2,2,3,3,3,3,3,3,3,3,3,3,3,3,3,3,4,4,5,5,5,5,3,3,3,3
280,5,5,5,5,5,5,5,5,5,5,5,6,6,6,6,4,4,4,5,5,1,1,1,1,2,2,2,2,2,2,2,3,4,4,4,4,4,4,4,4,4,5,6,6,6,6,6,6,6,6
281,0,0,0,0,0,1,0,0,0,1,1,1,1,2,2,1,1,1,1,1,1,2,3,3,3,3,3,3,3,3,3,3,5,5,5,5,6,6,6,6,5,5,5,5,5,6,6,6,6,6
282,4,4,5,5,5,5,5,6,6,6,6,0,0,5,5,5,5,5,7,7,7,0,0,0,0,7,0,0,0,7,7,0,0,0,0,0,0,1,1,1,1,1,1,1,1,1,1,1,1,6
283,5,6,6,7,0,0,0,0,0,0,0,0,0,1,1,2,2,2,2,3,3,3,3,3,3,3,3,3,3,3,3,3,3,3,4,4,4,4,4,4,4,4,4,4,4,4,4,4,4,7
284,3,3,3,3,3,4,4,4,4,4,4,4,4,4,4,4,4,5,5,5,5,5,6,6,6,7,7,7,7,7,7,7,6,6,6,5,5,5,5,5,5,5,5,5,5,5,5,1,1,1
285,5,5,5,5,6,6,6,6,6,6,6,6,7,7,0,0,0,0,0,0,0,0,0,0,0,0,0,0,0,0,5,5,6,6,6,6,6,6,6,6,6,6,6,7,7,7,7,0,0,0
286,0,0,0,0,1,1,1,2,2,2,2,3,3,3,4,4,4,5,5,4,4,4,5,5,5,5,5,6,6,6,6,6,6,7,0,0,0,6,7,0,0,1,1,1,1,1,1,1,2,2
287,2,2,2,2,2,2,2,2,3,3,3,3,4,4,5,5,6,3,3,3,3,3,3,3,3,4,4,5,5,5,5,5,5,5,5,5,5,5,5,5,5,5,5,5,6,6,6,7,7,7
288,6,6,7,7,7,7,7,7,7,4,4,5,5,5,5,5,5,5,6,7,0,0,0,3,3,4,4,4,4,4,5,5,6,6,6,6,6,7,7,7,7,7,7,7,7,7,7,7,7,7
289,2,2,2,3,3,3,3,3,3,3,3,3,3,3,3,3,3,3,3,3,3,4,5,5,5,5,0,0,0,0,1,1,1,2,2,2,3,3,4,4,4,4,4,4,5,5,5,5,5,5
290,1,1,1,1,1,0,0,0,0,0,0,5,3,3,3,3,3,3,4,4,4,4,4,4,4,4,5,5,5,6,6,6,6,6,6,6,6,6,6,6,6,7,7,7,0,0,0,0,1,1
291,0,0,0,0,0,0,0,1,1,1,1,1,1,1,1,1,1,1,2,3,3,3,3,4,2,2,3,3,3,4,4,4,4,4,4,4,4,4,5,5,5,6,7,7,7,7,7,0,0,0
292,4,4,4,5,6,7,7,7,7,7,7,1,1,1,1,1,1,1,1,1,1,2,3,3,3,1,2,2,2,2,2,2,2,2,2,2,2,2,0,0,1,2,2,2,2,2,2,2,2,2
293,2,2,3,5,6,7,4,4,4,4,5,0,1,1,1,1,2,3,3,3,4,4,4,4,4,4,4,4,5,5,6,6,6,7,7,0,0,0,0,0,0,0,0,0,0,0,0,0,0,0
294,5,6,7,7,7,7,7,7,7,7,7,7,7,0,0,1,2,2,3,4,4,4,4,4,4,7,7,0,0,2,2,2,2,2,2,2,2,2,2,2,2,2,2,2,2,2,2,2,2,2
295,3,3,3,3,3,4,5,5,5,5,5,5,5,5,5,6,6,1,1,1,2,3,3,3,4,4,4,4,4,4,4,5,5,5,6,6,6,6,6,7,7,7,7,7,0,0,0,0,0,0
296,1,1,1,1,1,1,1,1,1,1,1,1,1,1,1,1,1,1,1,2,2,3,3,3,4,4,4,4,5,5,5,6,6,6,7,7,7,7,0,5,5,5,5,5,5,5,5,5,5,5
297,2,3,3,3,3,4,4,4,4,4,5,5,5,5,5,5,5,5,5,5,5,6,6,7,7,7,7,7,7,7,7,7,7,7,7,7,7,7,7,7,7,7,7,7,7,7,7,7,7,0
298,6,6,6,6,6,7,7,7,7,7,7,7,7,7,7,7,7,7,0,1,1,1,1,1,2,2,2,2,2,2,2,3,3,3,7,7,7,7,7,7,7,7,7,7,7,7,7,7,7,0
299,4,4,5,5,5,5,5,2,2,2,2,0,0,0,0,1,7,7,7,7,7,2,2,2,2,2,3,3,3,3,3,3,3,3,3,3,3,4,4,4,4,4,4,4,4,4,6,6,7,7
300,0,0,0,0,0,0,0,0,0,1,1,1,1,1,1,1,1,1,1,1,1,1,2,2,3,3,3,3,3,3,3,3,3,3,3,4,4,4,4,2,2,2,3,3,3,3,3,4,4,4
301,6,5,5,5,1,1,2,3,3,1,1,1,1,1,7,7,7,7,7,5,5,5,5,5,5,5,5,5,5,5,5,5,6,6,6,6,7,7,7,7,7,5,5,5,5,5,5,5,6,6
302,1,1,1,1,2,2,2,2,3,3,4,2,3,3,4,4,4,4,4,4,4,4,4,4,5,5,5,5,5,5,5,5,5,5,5,5,6,6,6,6,6,6,6,6,0,0,0,1,1,2
303,2,2,2,2,2,2,0,0,0,1,1,1,6,6,6,6,6,6,6,6,6,6,6,6,6,6,4,4,5,5,5,5,6,7,7,2,2,2,2,2,2,2,2,2,2,3,3,3,3,3
304,3,3,3,5,5,5,5,6,3,3,4,5,5,6,7,7,0,0,0,6,6,7,7,7,7,7,7,2,2,5,5,5,6,6,6,6,7,7,7,7,7,7,7,7,7,7,7,7,0,0
305,2,2,2,3,3,3,3,2,2,2,3,3,3,3,3,3,3,7,7,7,7,7,7,7,0,0,0,2,2,2,2,2,2,2,2,2,2,2,3,3,3,3,3,3,3,3,3,3,0,0
306,3,3,4,5,6,6,6,6,6,6,6,6,6,6,6,6,7,7,0,0,4,4,4,4,4,4,4,4,4,4,4,4,4,4,4,4,4,4,5,5,5,5,5,5,5,6,6,6,6,6
307,7,7,7,7,7,7,7,7,0,0,0,0,0,0,0,0,0,0,0,1,1,1,1,1,1,1,1,1,1,1,1,1,2,2,2,3,3,3,3,3,3,3,4,4,4,4,5,5,0,0
308,5,7,7,7,7,7,7,7,7,7,7,7,7,7,7,0,0,0,0,1,1,1,1,1,1,1,1,1,1,1,1,2,3,3,4,4,4,4,4,4,4,4,4,4,4,4,4,4,4,4
309,6,6,6,7,7,6,6,6,6,6,6,6,6,7,7,7,7,7,0,0,0,0,0,0,0,0,0,0,0,0,0,0,0,0,0,0,0,0,0,0,0,0,0,0,0,0,1,1,1,1
310,7,7,7,0,0,0,1,1,1,7,7,7,7,7,7,7,7,7,7,7,7,7,7,7,7,7,0,0,0,0,0,0,0,0,0,0,0,0,0,0,0,1,1,1,1,1,1,1,1,1
311,2,2,2,2,3,3,3,4,4,4,5,6,6,6,6,6,7,7,7,7,7,0,0,0,0,0,0,0,0,0,1,5,5,5,5,5,5,5,5,5,5,5,6,6,6,6,6,6,6,6
312,3,3,3,3,3,3,4,4,4,4,5,5,5,5,5,5,5,6,6,6,6,6,6,6,7,7,7,7,7,2,2,2,2,2,2,2,2,2,3,3,3,3,4,4,5,5,6,6,6,6
313,2,2,2,2,3,3,3,4,4,4,4,4,5,6,6,7,0,0,0,1,1,1,1,1,1,1,4,7,0,1,2,2,2,2,2,3,3,0,0,0,0,0,1,0,0,0,0,0,0,1
314,2,2,3,3,3,4,4,4,5,5,6,6,6,6,6,6,7,7,7,7,7,7,7,0,1,1,1,1,1,1,1,1,1,1,1,1,1,1,1,1,1,1,1,2,3,3,3,6,6,6
315,0,1,1,1,1,1,2,2,2,2,2,2,2,2,2,0,0,0,0,0,1,2,3,3,3,3,3,3,3,3,3,3,3,1,1,1,1,1,6,6,6,6,6,7,7,7,7,7,7,7
316,5,5,5,5,5,5,6,6,6,6,6,7,7,0,0,0,0,0,1,1,2,6,6,6,6,6,6,7,7,7,7,7,7,7,7,7,7,0,0,0,0,0,1,1,1,1,1,1,1,1
317,5,5,5,5,5,5,5,5,5,6,6,7,7,0,1,1,1,1,1,1,1,1,1,1,2,2,2,2,2,2,2,2,2,2,2,2,3,4,4,4,4,5,5,5,5,5,5,5,6,6
318,0,0,0,0,0,0,1,2,2,2,3,3,3,3,3,3,3,3,3,3,3,3,3,3,3,3,3,4,4,5,5,6,1,2,2,2,2,2,0,1,1,1,1,2,2,2,2,2,1,1
319,7,7,7,7,7,7,7,0,0,0,0,0,0,0,1,1,1,1,2,2,2,2,2,2,2,2,3,3,3,3,3,3,3,3,4,4,4,5,6,6,6,6,6,6,6,6,6,6,6,6
320,7,7,7,7,0,0,0,0,0,0,0,0,1,1,1,1,1,5,6,6,6,6,6,6,6,6,7,7,7,7,0,0,0,0,0,0,0,0,0,1,1,1,1,1,1,1,1,1,1,1
321,6,6,6,6,6,6,6,4,4,2,2,2,3,3,3,3,4,4,4,4,4,4,4,4,4,5,5,6,6,7,7,7,7,7,0,0,0,0,0,0,0,0,0,0,0,0,0,0,0,0
322,7,7,7,7,7,7,7,4,5,5,5,5,5,5,5,5,5,5,6,4,5,6,6,2,1,1,1,1,1,1,2,2,2,2,2,2,2,2,2,3,3,3,3,3,3,3,3,3,3,3
323,3,4,5,5,5,2,2,5,5,5,5,5,5,5,5,5,5,5,5,2,2,2,3,3,3,4,4,5,5,5,5,5,5,5,5,6,6,6,6,7,7,0,0,0,0,0,0,7,7,7
324,2,2,2,2,2,2,2,2,7,7,7,7,7,7,7,7,0,0,0,1,2,3,3,3,3,3,3,3,3,3,0,1,1,1,1,1,2,2,2,2,2,2,2,2,2,2,2,2,2,2
325,5,5,4,4,4,4,4,4,4,5,5,5,5,5,6,7,7,3,3,3,3,3,3,3,3,3,3,3,3,3,4,4,5,5,5,6,6,6,7,6,6,6,6,7,7,7,7,0,0,0
326,5,6,6,6,6,6,6,6,6,6,7,7,7,0,0,0,1,1,1,1,1,1,2,3,3,4,4,4,4,4,4,4,4,4,4,4,4,4,4,4,4,4,4,5,5,5,5,5,5,5
327,1,1,1,1,1,1,1,0,0,1,1,1,1,1,1,1,1,1,1,1,2,3,3,3,4,4,4,4,1,2,2,2,2,2,2,2,2,3,4,5,5,5,5,6,6,6,6,6,6,6
328,3,4,5,5,5,5,6,6,4,4,4,5,5,5,5,5,5,6,7,7,7,7,7,7,7,7,7,7,7,7,7,7,7,7,7,7,0,1,2,2,2,2,3,3,3,3,7,7,7,7
329,0,0,0,0,0,1,2,2,2,2,2,2,3,3,3,4,4,5,5,5,5,5,5,5,6,6,7,7,7,7,7,7,7,7,7,7,7,7,0,0,1,1,1,1,1,1,1,1,1,2
330,3,3,3,3,4,5,5,5,5,6,6,6,6,6,6,6,6,6,6,7,7,7,7,0,0,0,0,1,1,1,1,1,5,5,5,6,6,6,6,6,7,0,0,0,0,1,1,2,3,3
331,7,7,7,7,7,7,7,7,7,7,7,7,7,7,3,3,3,3,3,3,3,3,4,4,4,4,4,4,4,5,3,3,3,3,3,3,3,3,3,3,3,4,4,4,4,4,4,4,4,4
332,6,6,6,6,6,6,7,7,7,7,7,7,0,0,0,0,0,0,0,6,6,6,7,0,1,2,2,2,2,2,2,3,3,3,3,3,3,3,4,4,4,4,4,2,2,2,3,4,4,4
333,3,3,3,2,2,2,2,2,2,2,2,2,2,2,5,5,6,6,7,7,7,7,7,7,7,7,7,7,7,7,7,7,7,7,7,7,5,5,5,5,5,5,5,5,5,5,5,5,5,5
334,4,4,4,4,4,4,5,5,5,5,5,5,0,0,0,0,0,0,0,1,1,1,1,2,2,2,3,3,3,3,3,3,3,3,3,3,3,3,4,4,4,4,5,5,5,5,5,5,5,5
335,3,4,4,4,4,5,6,6,6,6,6,6,6,0,0,0,0,6,6,6,6,6,6,3,3,3,3,1,2,2,2,2,2,3,3,4,4,4,4,4,0,1,1,1,1,2,3,5,5,5
336,1,1,1,1,1,2,2,0,7,0,1,1,2,2,2,2,2,2,2,2,2,2,3,3,3,3,3,4,4,2,2,2,2,2,3,4,4,4,4,4,4,5,5,5,5,5,5,5,5,5
337,6,6,6,6,6,6,6,6,6,6,7,7,7,7,0,0,0,0,0,0,0,1,1,1,1,1,1,1,2,2,2,2,2,7,7,7,0,0,0,0,0,1,2,2,2,2,2,2,2,2
338,4,4,5,6,6,6,6,2,2,2,2,2,2,4,5,5,5,6,7,7,7,7,7,0,0,0,0,0,1,1,1,1,1,1,1,0,0,0,0,0,1,1,1,1,1,1,6,6,6,6
339,6,6,6,6,6,7,7,7,7,7,0,0,0,1,1,1,2,2,2,2,2,3,3,3,3,3,3,3,3,3,3,1,2,2,2,2,2,3,3,3,3,3,3,3,3,3,4,4,2,2
340,2,2,2,2,2,2,2,1,1,2,2,2,2,3,3,3,3,3,3,3,3,3,3,4,4,4,5,6,6,7,7,7,7,7,7,7,7,7,4,4,4,4,4,5,5,6,7,0,1,2
341,0,1,1,1,2,2,2,2,2,2,3,3,3,3,3,3,3,3,3,3,3,4,5,5,5,5,5,6,6,6,6,7,4,4,4,4,4,4,5,5,5,5,5,5,5,5,5,5,5,5
342,7,7,7,7,7,0,0,0,6,1,2,2,2,2,2,2,4,4,5,5,5,5,6,6,7,0,0,0,1,1,1,2,2,2,2,2,2,2,2,2,2,2,2,2,2,2,2,3,3,3
343,0,0,0,0,0,0,0,0,0,0,0,1,2,2,2,2,2,3,3,3,4,4,4,4,4,5,6,6,6,7,7,7,7,7,7,7,7,7,7,7,7,7,0,0,0,0,1,1,2,2
344,0,0,0,0,0,0,0,0,0,0,0,0,0,0,0,0,0,1,0,0,1,1,1,1,1,1,1,2,2,2,2,2,2,2,2,3,3,4,4,4,2,2,2,3,3,3,1,1,2,2
345,3,4,4,4,4,4,4,5,5,5,5,5,5,5,6,6,6,6,6,6,7,7,7,7,7,7,7,7,7,0,2,2,1,2,2,3,3,3,3,3,3,3,3,3,3,3,3,3,3,3
346,0,0,3,3,3,3,3,3,4,4,5,5,5,5,5,5,5,5,6,6,6,6,6,6,6,6,6,6,6,6,7,7,7,7,7,7,7,7,2,2,2,2,2,2,2,2,2,2,3,3
347,7,7,7,7,7,7,7,7,7,7,7,7,7,7,7,7,7,7,7,7,7,5,5,5,5,5,6,6,7,7,7,7,7,7,7,0,0,0,0,0,1,1,1,1,1,1,2,2,2,2
348,0,0,0,0,0,0,0,0,0,0,0,0,0,0,0,0,2,2,2,2,2,4,4,4,4,4,4,4,4,4,5,4,5,5,6,6,6,6,6,6,6,6,2,2,2,2,3,3,3,3
349,5,5,6,6,6,7,7,7,7,0,0,0,0,0,0,7,7,7,7,7,7,7,7,7,7,0,0,0,0,1,1,1,1,0,0,0,0,0,0,0,0,0,0,0,0,0,0,0,0,0
350,4,4,4,4,2,2,2,5,5,5,5,5,7,7,7,7,0,0,0,0,0,0,0,0,1,1,2,2,2,2,2,2,2,2,3,3,3,3,3,4,4,4,4,4,4,4,4,4,4,4
351,6,6,7,0,0,1,1,1,0,0,0,0,1,1,1,1,1,1,2,2,2,2,3,3,4,4,5,5,5,5,5,5,5,4,4,6,6,6,6,6,7,7,7,7,7,7,7,3,1,1
352,2,2,2,2,2,2,3,3,3,3,3,3,4,5,5,5,5,5,5,5,5,5,5,5,5,6,6,6,6,7,7,7,7,7,7,0,1,2,2,2,2,2,2,2,2,2,2,2,2,0
353,4,4,5,5,5,6,6,6,6,6,6,2,2,2,2,2,3,3,3,3,3,3,3,3,3,3,3,3,3,3,3,3,4,4,4,4,4,4,4,4,4,4,4,4,4,5,5,5,5,5
354,4,4,5,5,6,6,6,6,6,6,6,6,6,6,6,7,7,0,0,0,0,0,0,0,7,7,7,7,7,7,7,7,7,7,7,7,7,7,7,7,0,0,0,0,1,1,2,2,2,2
355,0,0,0,0,0,0,0,1,1,1,1,1,1,1,7,7,7,7,7,7,7,6,7,7,7,7,7,7,7,7,7,0,0,1,1,1,1,1,1,4,4,4,4,4,4,5,5,5,5,5
356,6,6,6,6,7,7,7,7,0,0,0,0,0,0,0,0,0,3,3,3,3,3,3,3,3,4,4,4,7,7,7,7,7,7,7,7,7,7,7,7,0,1,1,1,1,1,1,6,6,6
357,0,0,0,0,0,0,0,0,0,0,0,0,0,1,2,2,2,2,3,3,3,4,5,5,5,5,5,5,5,6,6,6,7,7,7,7,0,3,3,3,3,3,3,3,3,3,3,4,4,4
358,7,7,7,7,7,7,7,7,7,7,7,0,0,0,0,0,0,0,0,0,0,1,1,1,1,1,1,2,2,3,3,3,3,3,3,3,3,3,3,3,3,3,3,3,3,3,3,3,3,3
359,3,3,3,3,3,3,3,3,3,3,3,3,3,3,3,3,3,3,3,3,3,3,3,3,3,3,3,3,3,3,3,4,5,1,1,1,1,1,1,1,1,1,1,1,1,1,1,1,1,1
360,0,0,0,0,0,0,1,1,1,2,2,2,2,2,2,2,2,2,2,2,2,2,3,3,3,1,1,1,1,1,2,2,2,3,3,4,4,5,5,5,5,5,5,5,6,6,6,6,4,4
361,7,0,0,1,1,1,1,2,2,2,1,2,3,3,3,3,3,3,3,3,3,3,3,3,3,3,3,3,3,3,3,3,3,3,3,3,4,4,5,5,5,6,6,6,6,5,5,5,5,5
362,1,1,2,3,4,4,4,4,4,4,4,4,4,4,4,5,5,5,6,7,7,7,7,5,5,3,3,3,3,3,3,3,3,3,3,3,3,4,4,4,4,4,4,4,4,4,4,4,4,4
363,3,3,3,3,3,3,3,3,3,4,4,4,4,4,6,6,6,6,7,3,3,4,4,4,4,4,4,4,4,4,4,4,5,5,6,6,6,6,6,6,6,6,7,7,7,7,7,7,7,7
364,3,4,4,4,4,4,4,4,4,4,4,4,4,5,6,6,6,7,7,7,7,7,7,7,7,0,4,4,4,4,4,5,5,5,5,5,5,5,5,5,5,5,6,6,6,6,6,6,6,6
365,1,1,2,2,2,2,2,2,2,3,4,5,5,5,5,5,5,5,6,6,6,7,7,7,7,7,7,7,7,7,7,7,7,7,7,7,7,7,7,0,0,0,1,1,1,1,2,2,2,2
366,3,3,3,3,3,3,3,3,4,4,4,4,5,5,5,5,6,6,6,6,7,0,0,0,0,0,1,1,1,1,1,1,1,0,5,5,5,5,5,6,4,4,4,4,4,4,4,5,5,5
367,4,4,0,0,0,0,0,1,1,1,2,2,6,7,0,0,0,0,0,7,7,0,0,0,0,0,0,0,0,0,0,0,0,0,0,0,0,0,0,0,0,0,0,0,0,1,7,7,7,7
368,5,6,6,6,6,6,6,6,6,6,7,7,7,7,7,0,0,0,1,1,1,1,3,3,3,3,3,3,3,4,4,4,4,0,0,0,0,0,0,0,0,0,0,0,0,0,0,4,4,4
369,7,7,7,7,7,0,0,1,1,1,6,6,6,6,6,4,4,4,4,4,4,4,5,5,5,5,5,5,5,5,5,5,5,5,5,5,5,5,2,2,2,2,0,1,1,1,1,1,1,1
370,1,1,1,1,1,1,2,2,3,3,3,3,3,3,3,3,3,3,3,1,1,1,1,5,5,5,5,5,5,5,5,5,6,6,6,6,6,6,1,1,1,1,4,4,4,5,5,6,0,0
371,7,7,7,0,1,1,2,2,3,3,7,7,7,7,0,5,5,5,5,6,1,1,1,1,1,1,1,1,2,2,2,2,2,2,2,2,2,3,3,4,4,4,4,4,4,4,4,4,5,5
372,0,1,2,2,2,2,2,2,2,2,2,3,3,3,3,3,3,3,3,3,3,3,3,3,3,3,4,4,4,4,4,1,1,1,1,3,3,3,3,3,3,3,3,2,2,3,3,2,3,3
373,2,2,3,3,3,3,4,4,4,4,5,5,6,6,6,6,6,6,6,6,6,7,0,1,1,1,1,1,1,3,3,4,4,4,4,4,4,4,4,4,4,4,4,4,4,4,5,5,1,1
374,4,4,5,5,6,6,1,1,1,1,1,1,1,2,2,2,3,4,4,4,4,5,5,5,6,6,6,6,6,6,6,6,6,3,3,3,4,4,4,4,4,4,4,4,5,6,6,6,0,0
375,2,2,2,2,2,2,3,3,3,4,4,4,4,4,4,4,4,4,4,4,5,5,5,5,5,5,5,5,5,1,1,2,2,2,2,2,2,2,2,2,3,3,4,4,5,4,4,4,4,4
376,6,6,6,6,7,7,7,7,0,0,0,0,0,0,0,4,5,5,6,7,7,7,7,7,7,0,0,0,1,1,1,1,1,1,1,1,1,2,2,2,3,3,5,5,5,5,4,2,2,2
377,6,6,6,6,0,0,0,1,4,4,7,7,7,7,7,7,7,7,7,7,7,7,7,7,0,0,0,0,0,0,0,0,0,0,1,1,1,1,1,1,1,1,1,1,1,1,1,1,1,1
378,6,6,6,6,7,7,7,0,0,0,0,0,1,1,1,1,1,1,1,1,1,0,0,0,1,1,2,2,2,2,3,3,3,3,4,4,5,5,5,5,5,5,5,5,5,5,5,6,6,6
379,4,4,4,4,4,4,4,4,4,4,4,4,4,4,4,4,5,5,5,5,5,5,5,6,6,7,7,7,7,7,7,7,7,7,7,7,7,7,7,7,7,7,7,7,7,0,0,0,0,0
380,3,3,3,3,5,5,5,5,5,5,5,5,5,6,7,7,7,7,7,7,7,0,0,0,0,0,0,0,0,0,0,0,0,4,4,4,5,5,4,5,5,5,6,6,6,6,6,6,6,6
381,1,1,2,2,2,2,2,2,2,3,3,3,3,3,3,0,1,1,1,1,2,2,2,2,2,2,2,2,2,2,2,3,3,3,3,3,4,4,4,4,4,5,6,6,6,6,6,6,6,6
382,4,4,6,7,7,7,7,7,7,7,7,7,0,1,1,2,3,6,6,4,5,5,5,5,5,0,0,4,4,4,7,7,0,5,5,6,6,6,6,6,6,6,6,6,6,6,7,7,7,7
383,3,3,3,3,3,3,3,3,3,1,1,1,2,2,2,5,5,6,6,6,7,5,5,0,1,1,1,1,1,1,1,1,1,1,1,1,2,2,2,3,3,4,4,4,4,4,4,5,5,5
384,7,7,0,0,0,0,0,0,0,0,1,2,2,2,2,2,2,2,3,3,3,3,3,3,3,3,3,3,3,3,3,3,3,4,5,5,5,5,5,5,5,5,5,5,5,5,6,6,6,6
385,5,5,5,5,5,5,5,5,5,5,5,5,5,2,2,2,2,2,2,2,2,0,0,0,3,3,3,3,4,4,4,4,4,5,6,7,7,7,7,7,7,7,0,0,0,0,0,0,1,1
386,5,5,4,4,4,4,4,4,5,6,6,6,5,5,5,5,5,5,5,6,6,4,4,4,4,4,5,5,5,5,5,5,5,5,5,6,6,7,7,7,7,7,7,7,7,7,7,7,7,7
387,6,7,7,7,7,7,7,7,7,0,0,0,0,0,0,1,1,1,1,1,1,1,1,2,2,2,3,3,3,3,3,3,7,0,0,6,2,2,2,2,3,3,3,3,3,3,3,3,3,3
388,0,0,0,0,4,4,4,4,4,4,4,4,4,4,4,4,4,4,4,4,4,5,5,5,5,5,5,5,5,6,6,6,6,6,6,7,7,7,3,1,2,3,3,3,4,4,5,5,5,5
389,4,4,4,4,4,4,4,7,7,1,1,1,1,1,1,1,1,1,2,2,2,2,2,2,4,4,4,4,4,6,1,2,2,2,7,7,7,0,0,0,1,2,2,6,6,7,7,7,7,0
390,2,2,3,3,3,3,0,0,0,7,0,0,1,1,1,1,1,1,1,1,1,1,1,1,2,3,3,3,3,3,3,5,5,5,5,5,5,5,6,6,5,1,1,1,1,1,1,1,2,2
391,0,1,1,1,1,1,1,1,5,6,7,7,7,7,7,7,0,0,0,0,0,1,1,1,1,1,1,1,1,1,2,2,2,2,2,2,2,2,2,2,7,6,6,6,6,6,6,6,7,7
392,4,4,4,4,4,4,4,4,4,4,4,7,7,7,7,7,7,7,7,7,7,7,7,0,0,0,0,0,0,0,0,0,0,0,0,0,0,0,7,7,7,7,7,7,7,7,7,7,7,0
393,1,1,1,1,1,1,2,2,4,6,6,6,0,0,0,0,0,0,0,0,0,0,0,0,0,0,0,0,0,1,1,1,1,1,1,1,1,1,1,2,3,4,4,4,4,4,4,4,4,5
394,6,6,7,7,7,7,0,1,1,1,1,1,1,1,1,1,1,2,2,2,2,1,1,1,1,1,1,1,1,1,2,2,3,3,3,3,3,4,5,5,5,0,0,0,0,0,0,0,0,0
395,7,7,7,0,1,1,1,2,2,2,2,2,2,2,2,2,2,3,3,3,3,4,4,4,4,4,4,4,5,5,5,6,6,6,6,6,6,6,6,7,7,7,7,7,0,3,3,3,5,6
396,7,7,7,7,7,7,0,0,1,1,2,2,2,2,2,2,2,2,2,2,2,3,4,4,5,5,6,6,6,6,6,7,7,7,0,1,1,1,1,2,2,2,2,2,2,2,2,2,2,2
397,5,5,5,5,5,5,5,5,5,5,5,6,6,6,6,6,6,6,6,6,6,6,7,7,7,7,7,6,6,6,6,6,6,7,7,7,7,7,7,1,2,2,2,3,3,3,3,3,3,4
398,5,5,5,5,5,6,6,6,6,6,6,6,6,6,6,6,6,6,6,6,6,6,6,6,6,6,6,6,7,7,0,0,0,0,0,0,0,0,0,0,1,1,2,2,2,2,2,2,2,2
399,1,1,1,1,2,2,2,2,2,2,2,2,2,2,3,3,3,3,3,3,3,3,3,3,3,3,3,4,5,5,5,5,5,5,5,5,5,5,5,5,5,5,5,5,5,5,5,5,5,5
400,1,1,1,1,1,2,2,2,2,1,2,2,2,3,3,3,3,3,3,3,3,3,3,3,3,3,3,3,3,3,3,4,4,4,4,4,5,5,5,5,5,5,2,2,2,2,2,2,2,2
401,6,7,0,0,0,0,0,0,0,6,6,6,6,6,6,6,6,6,6,7,7,7,7,0,0,0,1,1,1,1,1,2,2,2,2,2,2,2,2,2,2,3,3,3,3,3,3,3,3,3
402,6,6,6,6,6,6,6,6,7,7,7,7,7,7,7,7,7,0,0,0,2,2,2,4,5,5,5,5,6,6,6,6,7,0,0,0,1,1,2,2,2,2,2,2,2,6,6,6,6,6
403,4,2,2,2,2,2,4,4,4,4,4,4,4,4,4,4,4,4,4,4,5,5,5,5,5,5,5,6,7,7,7,5,5,5,5,5,5,5,6,7,7,7,7,7,7,4,4,5,5,5
404,1,1,1,1,2,2,2,3,4,4,4,4,4,4,5,5,5,5,5,5,6,6,6,7,0,0,0,0,0,0,0,1,1,2,2,2,3,4,4,4,5,5,5,5,5,6,6,6,6,6
405,2,2,3,5,5,6,6,6,6,6,6,6,6,6,6,6,6,6,6,7,7,7,7,7,7,7,7,7,0,0,0,0,0,0,0,0,6,6,2,2,2,2,5,5,5,5,5,5,5,4
406,3,3,4,4,4,4,4,4,4,4,4,5,6,6,6,7,7,0,0,0,0,0,0,0,0,0,0,7,7,7,7,0,2,2,7,7,7,7,7,7,7,7,1,1,1,1,2,2,2,2
407,6,6,6,7,7,7,0,0,0,0,0,0,0,0,0,0,0,1,2,2,2,3,3,3,3,4,4,4,4,4,4,4,4,4,4,4,4,4,5,5,5,6,6,6,6,6,6,6,6,7
408,0,1,1,1,1,2,2,2,2,2,4,4,4,7,0,1,4,4,4,5,5,5,5,5,5,5,6,7,7,7,7,7,7,7,7,7,7,0,0,0,0,0,3,3,3,3,3,3,3,4
409,1,1,5,5,5,5,5,5,5,5,5,0,0,0,0,0,0,0,1,1,1,1,1,2,2,2,2,2,2,3,3,3,3,3,4,4,5,5,5,5,6,6,0,1,1,1,1,1,1,1
410,5,5,5,6,6,6,6,6,6,6,6,6,6,6,6,6,6,6,1,1,1,1,1,1,2,2,2,2,2,2,2,2,2,2,2,2,2,2,2,2,2,2,2,2,2,2,2,2,2,2
411,2,2,2,2,2,2,2,2,4,7,7,7,7,7,0,0,0,0,1,1,4,4,4,4,4,5,5,5,5,6,6,7,0,0,1,1,2,2,2,2,2,2,2,2,2,2,2,2,2,1
412,5,5,5,5,5,5,5,5,5,5,5,6,3,3,7,7,7,7,0,0,0,1,1,1,2,2,2,2,2,2,2,2,2,3,3,3,4,4,4,4,6,6,5,5,5,5,5,5,5,5
413,6,6,6,6,6,6,6,6,3,3,3,3,4,4,4,4,4,4,4,5,5,5,5,5,5,5,5,5,6,2,2,2,3,3,4,4,5,5,5,5,5,5,5,6,7,0,1,0,0,1
414,6,6,6,6,6,7,0,0,3,3,3,3,4,5,5,5,5,5,5,6,6,6,6,6,6,7,7,7,7,7,7,7,7,7,7,7,7,0,1,1,1,1,1,2,3,3,3,3,4,4
415,4,5,5,5,5,5,5,5,5,5,6,6,6,5,5,5,6,7,7,7,7,7,0,0,0,1,1,1,1,1,1,1,1,1,2,2,2,5,5,5,5,5,5,6,7,7,0,0,1,1
416,7,7,3,3,4,4,4,5,5,5,6,6,7,7,7,7,0,0,0,0,0,0,0,0,0,0,0,0,0,0,0,0,1,1,2,2,2,2,2,2,2,2,2,2,2,3,3,3,3,3
417,0,1,1,1,2,2,2,3,4,4,4,4,4,7,0,0,0,0,0,0,0,0,6,6,6,6,6,6,7,7,7,0,0,5,5,5,6,6,0,1,1,1,1,1,1,1,1,1,1,1
418,3,3,3,3,3,4,4,4,4,5,6,6,6,1,1,4,4,5,5,5,6,6,7,7,7,0,0,0,0,1,1,1,6,6,6,7,7,7,7,7,7,7,7,7,7,7,7,7,7,7
419,3,3,3,4,4,4,4,4,4,4,4,4,4,4,4,4,4,4,1,1,1,2,2,2,2,2,2,2,2,2,2,2,2,2,2,2,3,3,7,7,7,7,7,7,7,0,0,0,0,0
420,6,6,6,6,6,6,1,1,1,4,4,4,4,4,4,5,5,5,5,5,5,5,5,5,5,5,5,5,5,6,0,0,0,0,0,0,0,0,0,0,0,0,0,0,1,1,2,2,2,0
421,4,4,4,4,4,5,5,5,6,6,7,0,1,2,3,3,3,3,3,4,4,4,4,4,5,5,5,5,5,5,5,5,3,4,4,4,4,1,1,1,1,2,3,3,3,3,3,3,3,4
422,1,1,2,2,3,1,1,1,1,1,1,1,1,2,2,3,3,3,3,4,4,6,4,5,6,6,6,6,6,6,5,5,5,5,5,5,6,6,6,6,6,6,6,6,6,7,7,7,7,7
423,0,0,0,0,0,1,1,1,2,2,3,3,3,4,5,6,6,6,6,6,6,6,6,6,6,7,7,7,7,7,7,7,7,7,7,7,7,7,7,7,7,0,0,0,0,0,0,0,0,0
424,0,0,0,0,0,0,0,1,1,1,1,2,2,2,2,2,2,2,2,2,2,2,2,2,2,2,2,7,7,7,7,7,0,0,0,0,1,1,1,1,2,3,4,5,5,6,6,6,6,6
425,0,0,0,0,1,1,1,2,2,2,2,2,2,3,3,4,4,4,5,5,5,6,6,6,6,6,6,6,7,7,0,0,2,2,2,2,2,2,2,3,4,4,4,4,5,5,5,5,5,5
426,1,1,1,1,1,1,1,1,1,1,1,1,1,1,4,4,4,4,4,4,4,4,4,5,6,6,2,2,5,5,5,6,6,6,6,7,7,0,0,6,6,6,6,7,5,5,6,6,7,6
427,2,2,2,3,3,3,4,4,4,4,4,4,4,4,4,4,4,4,4,4,4,4,4,4,4,4,4,4,5,5,5,5,5,5,5,5,6,6,7,4,4,4,4,4,4,4,4,4,4,4
428,0,0,0,0,0,0,0,0,0,1,1,3,4,4,4,4,5,5,6,6,6,6,7,7,7,7,7,7,4,4,4,4,4,5,5,5,6,6,6,7,7,7,7,7,7,7,7,0,0,1
429,1,2,2,2,2,2,2,2,2,2,2,2,2,2,2,3,3,3,3,3,3,3,3,3,3,0,0,1,1,1,1,1,1,1,1,1,1,1,1,1,1,1,4,4,4,4,4,5,5,5
430,7,2,2,3,3,3,3,3,4,4,4,4,4,4,5,5,5,5,5,5,6,6,7,7,7,7,7,7,7,0,0,0,0,0,0,1,1,1,1,1,1,1,1,1,1,1,1,1,7,7
431,2,3,3,3,4,5,1,2,3,4,4,5,6,6,6,6,7,7,7,0,0,1,1,4,4,4,5,5,5,6,6,6,7,0,3,3,3,4,5,5,5,6,6,7,7,7,7,7,7,7
432,1,1,2,2,2,2,3,3,3,4,4,4,4,4,4,5,5,5,5,6,6,6,6,6,1,1,1,1,1,1,1,1,1,2,2,2,2,2,2,3,3,4,4,5,5,5,5,6,6,7
433,0,1,1,1,2,5,5,5,5,5,5,6,7,7,7,7,7,7,7,7,0,0,1,6,6,6,6,6,7,7,7,7,7,7,5,6,7,0,1,1,2,2,2,3,3,3,3,3,3,3
434,1,1,2,2,2,2,2,3,0,0,0,0,0,0,0,0,0,0,0,0,0,4,4,5,5,5,0,0,0,0,0,0,0,0,0,0,0,0,0,0,0,1,1,1,2,2,2,2,2,2
435,0,2,3,3,3,0,0,0,0,0,1,1,1,1,2,2,2,2,2,2,3,3,3,3,3,4,4,4,0,2,2,3,3,3,3,3,3,3,3,4,4,4,4,4,5,5,5,5,6,7
436,2,2,2,3,3,3,3,3,3,3,3,3,3,3,3,3,3,3,3,3,3,3,3,3,4,4,5,5,5,5,5,5,5,5,5,5,6,6,6,6,6,0,1,1,1,1,1,1,1,1
437,6,6,6,7,7,7,7,7,7,7,7,0,1,1,2,2,2,2,2,3,3,3,3,3,3,3,3,3,3,3,3,3,3,3,4,4,5,5,5,5,5,5,5,5,5,5,5,5,5,0
438,5,5,5,5,5,5,5,5,5,6,6,6,0,0,0,0,0,0,0,1,2,2,2,3,4,4,5,4,4,4,4,4,4,4,4,4,4,4,5,5,5,7,7,0,0,6,6,6,7,7
439,2,3,3,4,4,4,4,5,6,6,6,6,6,7,7,6,6,6,6,6,6,6,6,6,6,6,7,1,1,1,1,1,1,1,5,5,5,6,6,6,6,6,6,6,6,6,6,7,7,7
440,4,4,4,4,4,5,0,5,5,5,5,5,5,6,6,4,5,5,5,5,5,5,6,6,7,7,7,7,7,7,7,7,2,3,3,3,4,4,4,4,4,4,4,4,4,5,5,5,5,0
441,2,2,2,2,2,2,2,2,2,2,2,3,4,4,6,7,7,0,0,0,0,3,3,3,3,3,3,3,4,4,4,4,4,4,4,4,4,5,5,5,5,6,6,6,6,6,6,6,5,5
442,2,4,5,5,5,5,6,6,6,6,6,7,0,0,1,1,1,1,2,2,2,6,6,7,7,0,0,6,6,6,6,7,0,0,0,0,0,1,1,1,7,7,4,5,4,5,5,5,5,5
443,1,1,2,2,2,2,2,2,2,6,6,6,7,7,7,7,7,0,0,0,0,0,0,0,0,0,0,1,2,2,2,5,5,5,5,5,5,5,5,5,6,6,6,6,7,7,7,0,0,4
444,7,7,7,7,0,1,1,1,2,2,2,3,3,3,3,3,3,3,5,5,5,5,5,5,5,2,2,2,2,3,3,3,3,3,3,3,4,4,4,4,4,4,4,4,4,4,5,5,5,5
445,7,0,0,0,0,0,0,0,0,0,0,0,0,0,6,6,6,7,7,7,7,0,0,2,2,3,4,4,4,5,5,5,5,5,5,0,0,1,2,2,2,3,3,3,3,3,5,5,5,5
446,2,2,2,2,2,2,2,2,2,7,0,0,0,0,0,1,2,2,1,1,2,3,4,4,4,4,4,4,4,4,4,4,4,4,4,4,4,4,4,4,4,4,4,4,4,4,4,4,6,6
447,7,0,0,0,0,0,0,0,0,0,4,4,4,4,4,4,4,4,7,7,7,7,0,1,1,1,1,1,2,2,3,4,4,4,4,4,4,4,4,4,4,4,4,4,4,4,4,5,5,5
448,4,4,4,5,1,1,1,1,1,1,1,2,2,2,3,3,3,3,3,3,4,4,4,4,7,7,7,5,5,5,6,7,0,1,1,1,1,1,1,1,1,2,2,2,2,2,2,2,2,3
449,3,3,3,3,3,3,3,3,4,4,4,5,5,5,5,5,5,5,5,5,5,5,5,5,6,6,6,6,6,6,6,6,6,6,6,6,6,6,6,4,4,5,5,5,6,6,6,6,6,6
450,2,2,2,2,2,2,2,2,3,3,3,4,3,3,3,3,4,4,4,4,5,6,6,6,7,7,7,7,4,4,4,4,4,4,4,4,4,3,3,4,4,4,4,4,4,4,5,5,5,5
451,0,1,2,2,2,2,2,2,2,3,3,4,4,5,6,6,7,7,7,0,0,0,0,0,0,0,0,0,0,0,0,1,1,1,0,0,0,0,0,0,0,0,0,0,0,0,0,0,0,0
452,1,1,1,1,1,1,1,1,1,1,1,1,1,2,2,2,2,2,3,3,4,4,4,1,1,1,1,1,1,1,2,2,0,0,0,1,1,1,1,1,1,1,1,1,1,1,1,1,1,1
453,6,6,6,6,6,6,3,3,3,3,4,4,4,4,4,4,4,4,4,4,4,4,4,4,4,4,4,4,4,4,4,2,2,3,3,3,3,3,3,4,4,4,5,6,6,6,6,6,6,6
454,6,6,6,6,6,6,6,6,6,6,6,7,7,7,7,7,0,0,0,0,1,1,1,1,1,1,1,2,2,3,3,3,1,1,1,1,1,1,1,1,1,1,2,2,7,7,0,0,0,0
455,5,5,5,5,5,5,5,5,5,5,4,4,5,5,4,5,5,5,5,5,5,5,6,6,6,6,6,6,7,7,7,5,5,5,5,5,5,6,5,5,5,5,5,5,5,5,5,5,5,5
456,2,1,1,1,1,1,1,1,1,1,1,1,1,1,1,1,1,1,3,3,3,3,0,0,0,0,0,1,1,1,1,1,1,1,1,1,1,1,1,1,2,2,2,2,5,5,5,5,5,6
457,6,6,6,6,6,6,6,7,7,7,7,0,0,0,0,2,6,7,0,0,0,1,7,7,7,7,7,0,0,1,1,1,1,2,2,2,2,2,2,2,2,3,3,3,3,3,3,3,3,3
458,0,1,2,0,0,0,4,4,4,4,4,4,4,4,4,4,4,1,1,1,1,1,1,1,1,1,1,1,1,1,1,1,1,1,1,1,1,1,1,4,4,4,4,4,5,5,5,5,5,2
459,1,1,1,1,1,1,1,1,2,3,3,3,3,3,3,3,3,3,3,3,3,3,3,3,3,3,3,4,5,5,6,6,6,6,6,6,6,6,6,7,4,4,4,1,1,2,2,2,3,3
460,5,5,5,5,5,5,5,6,6,6,6,6,6,6,6,6,7,7,7,7,7,7,0,0,0,0,0,0,0,0,0,0,0,0,0,0,0,0,0,0,0,0,0,5,6,6,6,6,6,6
461,0,0,0,0,1,1,1,2,3,3,3,3,3,4,4,5,5,5,5,5,5,5,5,5,6,7,7,7,7,0,7,7,7,7,7,7,3,3,3,3,3,2,2,2,2,2,2,3,3,4
462,5,5,6,6,6,6,6,6,6,6,6,6,6,5,5,5,5,5,5,5,6,6,7,7,7,7,7,7,7,0,0,0,0,1,1,1,1,1,2,2,2,2,3,3,3,3,4,4,4,5
463,3,4,4,4,4,4,4,4,4,4,4,4,4,4,5,5,5,6,6,7,7,7,0,1,1,1,1,1,1,0,0,0,0,0,0,0,0,0,0,7,0,0,0,0,0,0,0,0,0,0
464,1,1,1,1,1,1,1,1,1,1,1,1,1,2,2,2,2,5,5,5,5,5,5,5,5,5,5,6,6,6,6,6,6,6,7,7,7,7,7,7,7,7,7,7,7,0,1,1,1,1
465,3,5,5,5,5,5,5,5,5,6,6,6,7,7,0,1,1,1,1,1,1,1,1,1,1,1,1,2,3,3,3,3,3,3,7,0,0,0,1,1,1,2,2,2,2,6,7,7,7,7
466,2,2,2,2,2,2,2,2,3,3,3,4,4,4,4,5,2,2,2,2,2,2,2,2,2,3,3,3,3,3,3,4,4,4,4,4,4,4,4,4,5,5,5,6,6,6,6,6,6,6
467,6,6,6,6,6,3,3,3,3,3,3,3,3,3,3,3,4,4,4,4,4,4,4,4,4,4,4,4,5,5,5,5,5,5,5,6,6,6,7,7,7,7,7,0,1,1,1,1,1,1
468,6,6,7,7,7,7,7,7,7,7,7,0,0,1,1,1,1,1,1,1,1,1,1,2,2,2,2,3,3,3,3,3,3,3,3,3,3,3,3,3,4,4,4,4,5,5,5,5,5,2
469,3,3,3,3,3,3,3,3,3,3,4,4,4,4,4,4,4,4,4,4,4,4,4,4,4,4,4,4,4,4,4,6,6,7,7,7,7,7,7,0,0,0,0,0,0,1,1,1,1,1
470,7,0,1,1,1,7,7,7,7,7,7,7,7,0,0,0,0,0,0,0,0,1,1,1,1,1,1,1,1,1,1,1,1,1,1,0,0,0,0,0,0,0,0,1,1,2,2,2,2,2
471,0,0,1,1,1,1,2,0,0,0,0,0,0,0,0,0,0,1,2,2,2,2,2,2,2,2,2,3,3,3,3,3,3,3,3,3,0,0,4,5,5,5,5,5,5,5,0,0,0,0
472,0,0,0,0,1,1,2,2,2,2,2,2,3,3,3,3,5,5,5,5,6,7,7,7,7,7,0,2,3,3,3,3,4,4,4,4,4,4,5,0,0,1,1,1,1,1,1,1,1,1
473,6,6,6,1,1,2,2,2,2,2,2,2,2,2,2,2,2,0,0,0,0,0,0,1,1,1,5,5,5,5,5,6,6,6,4,5,5,5,6,7,0,0,1,2,2,2,2,2,2,2
474,5,5,5,5,5,5,5,5,5,5,5,5,5,5,5,5,5,6,6,6,7,7,7,7,0,0,0,0,0,0,0,1,1,6,7,7,7,7,7,7,1,1,1,2,2,3,3,3,3,3
475,1,1,2,2,3,4,5,6,6,6,6,7,7,7,7,7,7,7,7,7,7,7,7,7,6,6,6,6,6,6,7,7,7,7,7,7,0,0,1,2,2,2,2,2,2,2,2,2,3,3
476,3,3,3,3,3,3,3,3,3,3,3,3,3,3,3,7,0,0,0,0,0,0,0,0,0,0,0,0,0,7,7,6,6,7,7,7,7,7,7,7,7,7,7,7,7,7,0,0,0,0
477,0,1,1,1,1,1,1,1,1,2,4,4,4,4,5,5,5,5,5,6,6,4,4,4,4,4,5,5,5,5,6,6,7,4,4,4,4,4,4,4,4,4,4,4,4,4,4,5,5,5
478,5,5,5,5,5,5,5,5,5,5,5,5,5,5,5,6,6,6,6,7,7,2,2,2,2,2,2,2,2,2,2,2,2,3,3,3,3,3,3,4,4,4,4,5,5,5,5,5,5,5
479,0,0,0,1,1,1,1,1,1,1,5,5,6,6,6,6,2,2,2,2,2,2,2,2,2,2,2,2,3,3,3,3,3,5,5,5,6,6,6,7,7,7,7,7,7,7,7,0,0,0
480,5,5,6,6,6,6,0,0,0,0,0,0,0,0,1,1,1,2,2,3,4,4,3,3,3,3,3,3,3,3,3,3,4,4,4,4,4,4,4,5,6,3,3,4,4,2,2,2,2,2
481,3,3,3,3,3,3,3,3,1,1,1,1,1,2,3,3,3,4,4,4,3,3,3,3,3,3,3,3,3,3,3,3,3,3,4,5,5,6,6,3,3,4,7,7,7,7,7,7,7,7
482,3,6,6,6,6,6,6,6,6,6,6,6,7,7,0,0,0,1,2,2,2,2,3,3,3,3,3,3,3,3,4,4,4,4,4,4,4,4,5,5,5,5,6,6,7,7,6,3,4,4
483,3,3,4,4,4,4,4,4,4,4,4,4,4,4,4,4,4,4,5,5,5,5,5,5,5,5,1,1,0,0,0,0,0,0,0,0,0,0,0,0,0,0,1,1,1,1,1,1,1,1
484,6,6,6,7,7,4,4,5,6,6,6,7,7,0,0,0,0,0,0,0,0,0,0,0,0,0,0,1,1,1,1,1,1,1,1,6,6,6,6,6,6,6,7,7,7,7,7,7,7,7
485,1,1,1,2,2,2,2,2,2,2,2,2,0,1,3,3,5,5,1,1,1,1,1,1,1,2,2,2,2,2,2,2,2,2,3,3,3,3,3,3,4,4,4,4,5,6,6,6,6,6
486,1,1,1,1,1,1,1,1,1,1,1,2,2,2,2,2,2,2,2,2,1,1,1,1,1,1,1,1,1,1,0,0,0,0,0,0,0,4,5,5,5,5,4,4,4,4,4,4,4,4
487,3,4,4,4,4,4,5,5,5,5,5,5,6,6,6,6,6,7,7,0,0,0,0,1,1,1,4,4,2,2,2,2,3,3,3,3,3,3,3,3,3,2,2,2,2,2,2,2,3,3
488,5,5,6,6,6,6,6,7,7,7,7,7,7,7,7,7,7,7,7,5,6,6,6,6,7,7,0,0,1,1,1,2,1,1,1,1,1,3,3,3,3,4,4,4,4,4,4,5,5,5
489,4,4,6,7,0,0,0,1,1,1,2,2,2,2,2,2,2,2,3,3,7,7,7,7,0,0,0,0,0,0,0,0,0,0,0,0,0,0,0,0,1,1,1,1,1,1,1,1,1,1
490,7,0,0,0,0,0,0,1,1,4,5,6,6,6,7,0,0,1,1,1,1,1,1,1,1,1,1,1,1,1,1,1,1,1,1,1,1,1,1,1,1,1,6,6,3,6,6,6,6,7
491,7,7,7,0,4,4,4,4,5,5,5,5,6,6,7,0,0,1,1,1,1,2,2,2,2,7,7,7,7,0,0,0,0,0,1,1,1,1,1,1,1,1,6,6,6,6,6,6,7,7
492,1,1,1,1,1,1,1,1,1,1,1,1,1,1,1,1,2,2,2,2,4,4,2,2,3,3,3,5,5,5,5,5,4,4,4,4,4,4,4,4,5,5,5,5,1,1,1,1,1,1
493,4,0,0,0,0,0,0,0,0,0,1,1,2,2,2,2,2,2,2,2,2,7,7,5,5,5,5,5,5,5,5,6,7,7,7,7,7,7,7,7,7,7,7,7,7,7,7,7,7,0
494,3,3,3,3,3,3,3,3,3,6,6,1,1,1,1,2,2,3,3,3,3,3,4,4,4,6,6,6,6,6,6,6,6,7,7,0,0,0,0,0,0,0,1,1,2,2,0,0,0,0
495,3,3,3,3,3,3,3,3,4,4,4,4,4,4,4,5,5,6,6,6,6,6,7,7,7,7,7,7,7,7,7,7,7,7,1,1,1,7,7,7,0,0,1,1,1,2,2,2,6,6
496,1,2,2,2,2,2,2,3,4,4,5,7,7,7,7,7,7,0,0,0,0,0,0,0,0,0,0,0,0,1,1,1,1,1,2,3,3,4,5,2,2,3,3,3,3,3,3,3,4,5
497,4,4,4,4,4,4,4,4,4,4,4,4,4,4,4,4,4,4,5,5,5,5,2,2,2,3,3,4,4,4,4,4,5,5,5,5,5,0,0,0,0,0,0,0,0,1,2,2,3,3
498,3,3,3,3,3,3,3,3,3,3,3,3,5,5,5,6,6,6,6,7,7,7,7,0,0,0,0,1,2,2,2,2,5,5,5,5,5,5,5,5,6,7,7,7,7,7,7,7,7,7
499,2,2,2,2,2,2,2,2,2,1,1,1,1,1,0,0,1,2,2,2,2,4,4,4,4,4,4,4,4,4,4,4,5,5,5,5,5,5,6,6,6,6,6,6,6,6,6,6,6,6
500,4,4,5,4,4,4,4,3,4,4,5,5,5,6,7,7,7,1,1,2,2,3,4,5,5,5,5,5,5,5,5,5,5,5,5,5,6,6,6,7,7,7,7,7,7,0,0,0,0,0
501,2,2,2,2,2,3,3,3,3,4,4,4,4,4,4,5,6,6,6,6,6,6,7,0,0,0,0,0,0,1,1,1,1,1,2,2,2,2,2,2,2,2,2,3,4,5,5,0,1,2
502,0,0,1,2,2,2,2,2,2,2,2,3,3,3,3,3,3,4,4,4,4,4,4,4,4,4,5,5,5,5,5,5,5,5,6,6,6,6,6,6,6,6,1,1,1,1,1,1,1,1
503,5,6,6,6,2,2,2,2,2,2,2,3,3,3,3,3,3,4,4,4,4,4,4,5,5,5,5,5,3,3,4,4,4,4,4,4,4,4,5,5,5,6,6,7,7,7,0,0,0,0
504,3,3,3,3,3,3,3,4,5,5,5,6,6,7,7,7,7,7,7,0,0,0,0,0,0,5,6,6,6,7,7,7,0,0,1,1,1,2,2,2,3,3,3,3,3,4,4,4,4,4
505,6,6,6,6,6,6,6,6,6,6,6,6,7,7,7,0,0,0,7,7,7,7,7,0,0,1,2,2,2,3,3,3,3,3,3,3,3,3,4,5,6,6,6,6,6,6,6,7,7,7
506,6,6,6,6,6,6,7,7,7,7,7,7,7,7,0,0,0,1,1,1,1,2,2,4,5,5,5,5,5,5,6,6,6,7,7,0,0,0,0,0,1,6,6,6,6,6,7,7,7,7
507,4,5,5,5,6,5,6,6,6,6,6,7,2,2,2,2,2,2,3,3,4,4,5,6,6,6,7,7,0,0,0,0,0,0,0,0,0,0,0,0,0,0,1,1,2,2,2,2,2,3
508,2,2,2,2,7,0,5,5,6,6,6,6,6,7,7,7,7,7,7,7,0,6,6,7,7,7,7,7,7,7,7,0,0,0,1,1,1,2,2,2,2,2,2,2,2,2,2,2,2,2
509,4,4,4,4,4,0,0,0,0,5,5,6,7,7,7,7,7,7,7,7,7,7,7,7,7,7,0,0,0,1,2,2,2,3,3,4,5,3,0,1,1,2,2,2,2,2,2,2,2,2
510,5,5,5,5,5,6,6,2,0,2,3,3,3,3,3,3,3,1,2,2,2,2,2,2,2,2,2,2,3,3,3,4,4,4,4,5,5,5,6,6,6,6,6,0,0,0,1,1,1,1
511,2,2,3,3,3,3,4,4,4,4,5,5,5,5,5,5,2,2,3,3,3,3,3,4,4,4,4,4,4,6,6,2,2,2,2,2,2,2,2,2,2,2,3,3,3,2,2,3,3,3
512,5,6,6,1,1,1,1,6,6,6,6,6,6,6,6,6,6,6,6,6,6,6,7,0,0,1,1,1,1,1,1,0,0,1,1,1,1,1,1,1,2,2,2,2,2,2,2,3,3,3
513,6,6,7,0,0,0,1,1,1,1,1,2,2,2,2,2,3,3,3,4,4,0,0,0,0,0,0,0,0,0,0,0,0,0,0,0,0,0,0,0,0,0,0,0,0,0,6,6,6,6
514,6,6,6,6,6,6,6,6,6,6,7,7,0,0,0,5,5,5,5,6,6,6,6,6,6,7,2,3,3,3,3,3,3,3,3,3,3,3,3,3,3,3,3,3,4,4,4,4,4,4
515,7,7,7,7,7,7,7,7,7,7,7,7,7,7,7,7,7,7,0,0,0,0,0,0,0,0,0,0,1,2,3,4,4,4,4,4,2,2,2,2,2,3,3,3,4,4,5,5,5,5
516,7,0,0,0,0,0,0,0,0,0,0,0,0,0,0,0,3,3,3,3,3,3,3,3,3,3,3,3,3,3,4,5,5,5,5,5,5,5,5,5,5,5,5,6,6,6,6,6,6,7
517,1,1,1,1,2,2,2,3,3,4,4,4,4,5,6,6,6,6,6,6,6,7,7,7,7,7,0,0,1,1,1,2,2,3,4,4,4,4,4,4,4,4,4,4,4,4,4,4,4,4
518,0,0,0,0,0,0,1,1,1,1,1,1,1,1,1,1,1,0,0,1,1,1,1,1,1,1,1,1,6,6,6,6,6,6,6,6,6,6,6,6,6,6,6,6,2,2,2,2,2,2
519,0,1,1,1,1,1,1,1,1,1,1,2,2,2,2,2,3,3,3,3,3,3,3,3,3,3,3,3,3,3,3,3,3,3,3,3,3,3,0,0,0,1,1,1,2,2,2,2,2,2
520,5,6,6,6,6,6,6,6,6,6,6,6,6,6,6,6,6,6,7,7,0,1,6,6,6,6,6,6,6,7,0,0,0,0,0,1,1,1,1,1,1,1,2,2,2,2,2,3,3,3
521,1,1,2,2,3,3,3,4,4,4,4,5,5,5,5,5,5,5,5,5,5,6,6,6,6,6,6,6,6,6,6,7,7,0,0,0,0,1,1,1,1,1,1,1,1,1,1,1,1,2
522,6,6,6,6,6,6,7,0,0,0,0,7,6,6,6,7,7,7,2,2,2,2,2,2,2,2,2,2,2,2,2,3,4,4,4,4,4,5,5,5,5,5,5,6,2,6,7,7,0,0
523,1,1,1,2,2,3,4,4,4,5,5,3,4,4,4,4,4,5,5,5,5,5,5,5,5,3,3,3,3,3,3,3,1,1,0,5,5,5,5,6,6,6,6,6,6,7,7,7,7,6
524,3,3,3,3,3,4,4,4,2,2,2,2,2,3,3,3,3,3,3,3,3,3,7,7,7,7,7,7,7,7,7,7,7,7,7,7,3,3,3,3,3,3,4,4,4,4,5,5,6,6
525,0,0,0,0,0,0,0,7,7,7,7,0,2,2,2,2,2,2,2,2,2,2,2,3,3,3,3,4,4,4,4,4,4,4,4,4,4,4,4,4,4,4,4,4,5,5,5,5,6,6
526,5,5,5,4,4,5,5,4,1,2,2,3,3,4,4,4,4,4,4,5,5,5,5,3,4,4,4,4,4,4,4,4,4,5,5,5,5,5,5,6,6,6,6,6,6,6,6,6,6,6
527,1,1,7,7,7,7,7,7,7,0,6,6,6,6,6,6,6,7,7,0,1,1,1,2,2,2,2,2,2,2,2,2,2,2,2,2,2,2,2,3,3,3,3,3,4,4,4,4,5,6
528,3,3,3,0,0,5,5,5,5,5,5,5,5,5,5,5,5,5,5,5,5,5,5,5,5,5,5,5,5,5,5,5,5,5,6,6,7,7,2,4,4,5,5,7,7,7,7,5,5,5
529,6,6,6,6,6,6,6,6,6,6,6,6,7,7,7,7,7,7,7,7,7,7,7,0,0,0,0,0,0,0,0,0,0,0,0,0,0,0,2,2,2,2,2,3,3,3,3,4,4,4
530,4,4,4,4,4,4,4,4,4,4,4,4,4,4,4,4,4,4,4,5,5,5,5,5,5,5,3,4,4,4,4,4,4,4,4,4,4,4,4,4,5,6,6,6,7,7,7,7,7,7
531,0,0,0,0,0,0,1,1,1,1,1,1,1,1,1,7,7,7,7,7,0,1,1,1,1,2,2,3,3,3,4,5,5,5,5,5,5,6,6,6,7,7,1,1,1,1,1,1,2,3
532,6,6,6,6,6,7,7,7,6,6,6,6,6,6,6,6,6,6,6,6,7,7,0,0,6,6,6,6,6,6,7,0,0,0,0,1,1,1,1,1,1,1,1,1,1,1,1,1,2,2
533,0,0,0,0,0,0,0,0,0,0,0,3,3,3,3,3,3,4,5,5,5,5,5,5,5,5,5,5,5,5,5,5,5,5,5,5,5,7,7,7,7,3,3,3,3,3,3,5,5,5
534,6,6,6,6,6,6,7,7,7,7,0,0,0,0,0,0,0,0,0,1,2,3,3,3,3,3,6,6,6,6,6,6,6,6,6,6,6,6,6,7,7,7,7,7,7,0,0,0,0,0
535,4,5,6,2,2,2,2,2,2,2,3,3,3,4,5,5,6,6,6,6,6,6,7,7,7,7,7,7,7,0,0,0,0,1,1,1,1,1,1,1,1,2,1,2,2,2,2,2,2,2
536,2,3,3,3,4,4,4,5,6,6,6,7,7,7,7,0,1,1,1,2,2,2,2,2,2,2,2,2,2,2,2,2,2,2,2,2,3,3,3,3,4,3,3,3,3,3,3,4,4,4
537,0,0,0,0,0,0,0,0,0,0,0,0,0,0,0,0,0,0,1,1,1,1,1,1,1,1,2,7,7,7,7,7,5,6,6,6,6,4,4,4,4,4,4,5,6,7,7,5,5,5
538,5,1,1,1,0,0,0,0,0,7,7,7,7,0,0,2,2,2,2,2,2,2,2,3,3,3,3,3,3,3,3,3,3,3,3,3,3,3,3,3,4,5,5,5,5,5,3,3,3,3
539,3,3,3,4,4,5,5,5,5,5,5,6,6,6,6,6,6,6,6,3,3,3,5,6,6,6,6,6,6,6,5,6,6,6,6,6,6,6,6,6,6,6,6,1,1,1,1,2,2,3
540,2,2,2,2,3,3,3,7,7,7,7,0,1,2,3,3,4,7,7,6,6,6,6,7,7,4,4,4,4,4,4,5,5,5,5,5,5,5,5,5,5,5,5,5,5,5,5,5,6,6
541,2,2,2,3,3,3,3,3,3,4,4,4,4,4,4,5,2,2,2,2,3,3,4,4,7,0,1,1,2,2,2,2,3,3,3,0,0,0,0,0,0,0,1,2,2,2,3,3,3,3
542,5,5,5,6,6,6,6,6,6,6,2,2,2,2,2,3,3,3,3,3,3,3,3,3,3,3,4,4,4,4,4,4,4,4,4,4,4,4,7,7,0,2,2,2,2,2,2,2,2,2
543,2,3,3,3,3,3,3,3,3,3,4,4,4,4,4,4,4,4,4,4,4,4,5,5,5,5,5,6,6,6,6,6,6,7,7,0,0,0,0,0,6,6,6,6,6,6,6,6,6,6
544,2,3,3,3,3,3,3,3,3,3,3,3,3,4,4,4,5,5,5,5,6,2,2,3,3,3,3,3,4,5,5,5,5,6,6,7,7,7,7,7,7,7,7,7,0,0,0,0,1,4
545,0,0,0,0,5,5,5,5,5,5,5,5,5,5,5,5,5,5,5,5,5,5,2,2,3,4,4,4,6,7,7,1,1,2,2,2,2,2,2,2,3,3,4,4,5,5,5,5,5,5
546,2,3,3,3,2,2,3,3,3,3,3,3,3,3,3,3,3,3,3,4,4,4,4,4,4,4,4,4,4,4,4,4,4,3,3,3,4,4,5,5,6,6,6,6,7,7,7,7,7,7
547,7,0,0,0,0,0,0,0,0,0,0,0,0,0,0,0,2,2,2,6,6,6,7,7,7,0,1,5,5,6,6,6,6,6,6,6,6,6,3,3,3,4,5,5,5,5,5,5,5,5
548,2,3,3,3,4,4,4,4,4,4,4,4,4,5,5,5,5,5,5,5,6,6,6,6,6,6,6,6,6,6,6,6,6,6,6,6,6,6,6,2,2,2,2,2,2,3,3,3,3,3
549,4,4,4,4,4,4,4,4,4,5,5,5,5,5,6,6,6,6,2,2,3,4,7,7,7,0,0,0,0,0,0,0,0,0,0,0,0,6,6,6,6,7,7,7,7,7,7,7,7,7
550,7,7,7,7,7,0,5,5,5,5,6,6,6,6,6,6,6,7,7,7,0,0,0,0,1,1,1,1,2,5,5,5,5,3,3,3,3,3,3,3,3,3,3,3,3,3,3,3,3,1
551,2,2,2,2,2,3,3,3,3,3,3,3,7,7,0,1,6,7,7,7,7,7,7,7,7,7,7,7,0,0,0,0,0,0,0,0,0,1,1,4,4,4,4,4,4,7,2,3,1,1
552,0,0,0,0,1,1,1,1,1,1,1,1,1,2,3,4,4,4,4,4,4,5,5,6,6,7,7,7,7,7,7,7,7,7,7,0,0,0,0,0,1,1,1,1,3,3,4,4,4,4
553,3,4,4,4,3,3,3,3,4,5,5,5,6,7,0,0,0,6,6,6,6,7,0,0,0,0,1,1,1,1,1,1,1,1,0,0,0,0,0,1,1,1,1,1,1,1,0,2,2,2
554,7,7,7,7,7,7,7,0,0,0,0,0,0,1,1,1,2,0,0,0,0,0,1,1,1,1,1,1,1,1,2,2,2,3,3,3,6,6,6,6,6,6,6,6,6,6,6,6,6,6
555,7,7,0,0,0,0,1,1,2,2,2,2,2,2,2,3,3,3,3,3,3,3,3,3,4,4,4,4,5,6,6,6,6,5,1,1,1,2,2,2,2,2,2,5,6,6,6,6,6,6
556,4,4,5,5,1,5,5,5,5,5,5,6,6,6,5,5,5,5,5,6,6,6,7,7,0,0,7,7,7,0,0,0,0,0,0,4,5,5,5,5,6,6,6,6,7,0,0,2,2,2
557,2,2,2,2,2,3,3,4,4,4,4,5,5,5,5,5,5,5,5,5,5,5,6,6,6,7,7,7,0,0,0,0,0,0,0,0,0,0,1,1,2,2,3,3,3,4,7,7,7,7
558,0,0,0,1,2,2,2,2,2,3,3,4,4,4,4,4,4,4,4,4,4,4,4,4,4,4,4,4,4,4,4,4,4,4,4,4,4,4,4,4,4,4,4,4,4,4,4,4,5,5
559,1,2,2,2,3,3,4,5,6,6,6,6,6,5,5,6,6,6,6,6,6,6,6,6,6,6,6,6,7,7,7,7,7,7,7,7,7,7,7,0,0,0,0,0,0,1,1,2,4,4
560,5,5,5,5,5,5,5,5,5,5,5,5,5,5,5,6,6,6,4,5,5,5,5,5,5,5,6,6,6,6,6,6,6,6,6,6,7,0,0,0,0,0,1,1,1,1,2,2,3,2
561,6,6,7,1,1,1,1,1,1,1,2,2,2,3,3,4,5,5,6,6,7,7,7,7,7,7,7,7,7,0,0,0,0,0,1,1,1,1,2,2,2,2,2,2,2,2,2,2,2,2
562,2,2,2,2,2,2,3,3,0,1,1,1,1,1,2,2,3,3,3,4,4,4,4,4,5,5,5,5,5,5,5,5,5,5,5,1,1,1,1,1,1,2,2,2,2,3,3,4,4,4
563,0,2,0,0,1,1,1,1,2,2,5,5,5,5,5,5,5,5,5,5,5,5,5,5,7,7,7,7,0,0,0,0,1,1,1,1,1,2,2,2,3,3,3,3,3,3,3,3,3,4
564,7,7,7,7,7,7,7,0,0,0,0,1,1,1,2,2,2,2,2,2,2,2,2,2,2,2,2,2,2,2,2,2,2,2,2,2,7,7,7,7,7,0,0,0,0,0,0,0,3,3
565,5,5,5,5,1,1,1,1,2,2,2,2,2,2,2,2,3,3,4,4,4,4,7,7,4,4,4,4,4,4,4,4,4,4,4,4,4,4,4,5,6,6,6,6,6,6,6,6,6,7
566,4,4,0,0,0,1,1,1,1,1,1,7,0,0,0,0,0,0,0,0,0,0,0,0,0,0,0,0,0,0,0,0,0,1,1,1,1,1,1,1,1,1,1,2,2,2,2,2,3,3
567,4,4,4,5,6,6,6,3,3,3,3,3,3,3,3,3,3,4,4,7,7,7,7,7,7,7,7,7,7,7,7,7,7,7,7,7,7,0,0,0,0,0,4,4,4,4,4,4,4,4
568,3,3,4,4,4,5,6,6,6,6,6,6,6,6,7,5,5,5,6,6,6,7,7,7,7,7,7,0,1,1,7,7,7,3,3,3,4,5,5,2,2,2,2,2,2,2,2,3,3,3
569,5,5,5,5,5,5,5,5,6,6,7,7,7,7,7,7,7,7,7,7,7,7,7,7,7,4,4,4,5,5,5,5,5,3,7,7,7,7,7,7,7,7,7,7,0,0,0,1,1,2
570,5,5,1,2,3,3,3,3,3,4,4,5,5,5,5,5,5,0,0,1,1,1,1,4,4,4,4,4,4,5,5,5,1,1,1,1,1,1,1,1,1,2,2,2,2,2,2,2,2,2
571,7,7,0,0,0,1,6,6,6,6,7,7,7,7,7,6,6,6,6,7,7,2,2,2,2,2,2,2,2,2,3,3,3,3,4,4,4,4,4,4,4,2,2,3,3,3,3,3,3,3
572,7,0,0,1,1,1,1,7,7,7,7,0,0,0,0,1,2,3,3,5,5,5,5,5,5,5,5,5,5,5,5,6,4,4,4,4,4,4,4,4,4,4,4,4,4,4,4,4,4,4
573,6,6,6,6,7,0,0,0,1,1,2,2,3,3,4,4,4,4,3,3,4,4,5,5,5,5,5,6,7,7,0,0,0,0,0,0,0,0,0,0,3,3,3,5,5,5,2,2,2,2
574,3,3,7,7,7,7,7,7,7,4,4,3,3,3,3,4,4,5,5,5,5,5,5,5,5,5,6,6,7,7,0,0,0,0,0,0,0,0,1,1,1,1,1,1,6,6,6,6,6,6
575,3,4,4,4,4,4,4,4,4,4,4,4,4,4,5,5,5,5,5,5,5,1,1,1,1,2,2,2,2,2,2,2,2,3,3,3,3,3,3,3,3,4,5,5,5,5,6,7,7,0
576,2,2,2,2,2,2,2,2,2,2,2,2,2,2,2,2,3,3,3,0,0,0,1,1,1,2,2,1,1,1,1,1,1,1,2,2,5,6,6,6,7,7,7,7,0,0,0,6,6,7
577,3,3,3,3,3,3,3,3,3,3,3,3,3,3,5,6,6,6,6,6,7,7,7,7,7,7,7,7,7,1,1,2,2,3,3,4,4,5,0,0,6,6,6,6,6,7,7,7,6,7
578,5,5,5,5,5,5,5,5,5,5,5,5,5,5,5,6,6,6,7,7,6,6,6,6,3,3,3,4,4,4,4,4,5,5,5,5,6,6,6,6,3,3,3,3,3,3,3,3,3,3
579,2,2,2,2,2,3,3,3,3,4,4,4,4,5,4,5,5,6,6,6,7,7,7,7,0,0,0,0,0,0,1,1,1,1,1,1,1,4,4,4,4,4,4,5,4,4,4,5,5,5
580,4,4,5,6,6,6,6,6,6,7,7,0,0,0,1,1,1,1,1,2,2,2,3,3,3,3,3,3,3,3,3,4,4,4,4,4,4,5,5,5,5,5,5,5,5,5,5,5,5,5
581,7,2,2,2,2,2,4,4,5,5,5,5,5,5,5,6,6,6,0,0,0,0,0,1,1,1,1,1,2,3,3,3,3,4,4,4,4,4,5,6,6,6,6,7,7,7,0,0,0,0
582,7,7,0,0,0,0,1,1,1,1,1,1,1,1,1,1,2,2,3,3,4,4,4,4,4,5,5,5,5,5,5,5,5,5,5,6,7,7,7,7,7,7,0,0,0,0,0,0,0,0
583,4,4,4,4,5,5,5,7,7,7,7,7,7,7,7,7,7,7,7,7,0,0,1,1,1,1,1,1,1,1,1,1,1,1,1,1,1,1,1,1,2,2,2,2,2,3,3,3,3,3
584,5,6,7,0,0,0,0,0,0,0,0,0,3,3,0,0,0,0,0,0,0,4,4,4,4,4,4,4,5,6,6,6,6,6,6,7,7,7,6,6,6,6,6,6,6,6,6,6,6,6
585,6,7,7,7,7,7,7,7,7,0,0,0,0,0,7,7,7,7,7,7,7,7,7,0,0,0,0,0,1,1,1,1,2,2,2,2,2,2,4,4,4,4,5,6,6,6,6,6,6,6
586,1,1,1,1,1,2,2,2,2,2,2,3,3,3,3,3,3,3,3,3,3,4,1,2,3,3,3,3,3,3,3,3,4,5,5,5,5,5,5,6,6,6,6,7,7,7,7,0,0,0
587,5,5,5,5,5,5,5,5,5,5,5,5,6,6,6,6,7,7,7,7,7,7,7,7,7,7,7,7,7,7,7,7,7,0,0,0,0,0,0,0,0,0,0,7,7,7,7,0,5,5
588,4,4,4,4,4,4,4,4,4,4,5,5,5,5,6,6,6,6,6,6,6,7,7,7,7,0,0,0,0,0,1,1,1,1,1,1,2,3,3,4,4,4,4,3,3,3,3,3,4,4
589,0,0,0,0,0,0,0,0,0,0,0,1,1,1,1,2,2,2,2,2,2,2,2,2,3,3,3,3,3,3,3,4,4,5,5,5,5,5,5,5,5,5,6,6,6,6,6,6,6,6
590,1,1,1,1,1,1,2,2,3,3,3,3,3,3,3,3,3,3,3,3,3,3,3,2,0,0,0,1,1,1,2,2,2,2,3,3,3,3,3,3,3,3,3,3,1,1,1,1,1,1
591,1,1,6,6,6,6,6,6,6,7,7,7,7,7,0,0,1,1,1,1,1,1,1,1,2,5,6,6,6,7,7,7,7,7,7,7,7,7,7,0,0,0,0,0,0,0,0,0,0,5
592,6,6,6,7,0,0,0,0,0,0,1,1,1,1,3,3,3,3,3,4,4,4,4,5,5,5,5,5,5,5,5,5,6,6,6,6,6,6,6,6,6,6,7,7,7,7,7,7,7,7
593,4,4,4,4,4,4,4,4,4,4,4,4,4,0,1,2,2,2,2,2,3,3,3,3,3,3,3,3,3,3,3,3,4,4,4,4,5,5,5,5,5,5,5,5,5,5,5,5,5,5
594,7,0,0,1,1,1,6,6,6,6,6,6,6,6,6,6,6,6,6,2,2,2,2,3,3,3,3,4,4,4,4,6,6,6,7,7,7,7,7,0,0,1,1,1,1,1,1,1,0,0
595,6,3,3,3,3,3,3,3,3,3,3,4,4,4,4,4,4,4,4,5,5,5,5,6,6,6,6,6,6,6,6,6,6,6,6,6,6,6,6,6,6,6,6,2,2,3,4,5,5,5
596,6,6,6,6,6,6,6,6,6,6,6,6,7,2,2,2,2,3,1,2,3,4,4,4,4,5,5,5,5,5,5,5,5,4,4,3,3,3,3,3,3,3,3,3,3,3,3,3,3,3
597,4,4,4,4,4,4,4,5,5,6,6,6,6,4,4,4,4,4,4,5,6,6,6,6,6,6,6,6,6,7,7,7,7,7,7,1,1,4,4,3,3,7,7,0,0,0,0,0,0,0
598,7,0,0,0,0,0,0,0,0,0,0,0,0,1,1,1,1,1,1,3,3,3,3,3,3,4,4,4,4,4,2,2,2,2,2,2,1,1,1,1,1,1,2,2,2,3,3,3,3,3
599,5,5,5,6,6,6,6,7,7,7,7,7,2,2,2,2,2,2,3,3,3,1,4,4,4,4,4,4,4,4,4,4,4,4,4,4,4,4,5,0,0,0,7,7,7,7,7,4,4,4
600,3,3,3,3,3,4,4,4,5,5,6,4,4,4,4,4,4,5,5,5,5,5,5,5,5,5,5,5,5,5,5,5,5,5,5,5,5,5,5,6,7,7,7,7,7,7,5,5,5,5
601,2,2,2,3,3,3,2,2,2,2,2,3,3,3,4,4,4,4,4,4,4,4,7,7,7,7,7,7,7,7,2,2,2,2,7,7,7,0,0,0,0,0,0,0,0,0,0,0,0,0
602,6,6,6,6,6,6,6,6,6,6,6,6,6,6,6,6,6,3,3,3,3,3,3,4,4,4,4,4,4,4,4,5,5,5,6,6,6,6,7,7,7,7,7,7,7,7,7,7,0,2
603,7,0,0,0,0,0,0,1,1,2,2,2,3,3,3,3,3,3,3,3,3,3,4,4,5,5,5,5,5,5,5,7,7,7,7,7,7,7,7,0,1,2,2,2,2,2,2,3,4,4
604,3,3,3,3,3,3,4,4,4,5,5,5,5,6,6,6,6,6,6,6,6,6,7,7,7,7,7,7,7,7,7,7,7,7,7,7,7,7,7,7,7,7,7,7,7,7,7,7,7,7
605,0,0,0,0,1,1,1,1,1,1,1,1,1,1,1,1,1,1,2,2,2,2,5,5,5,5,5,5,5,5,0,0,0,1,1,2,2,2,2,2,3,4,4,5,5,5,6,6,1,1
606,3,3,3,4,5,5,5,5,5,5,6,6,6,6,6,2,1,1,1,6,7,7,7,7,7,7,0,0,0,0,0,0,0,1,1,1,1,1,2,2,2,2,2,3,3,3,3,4,4,4
607,2,2,2,2,2,3,4,5,5,6,6,6,7,7,7,0,0,0,0,0,0,0,0,0,0,0,1,1,2,3,3,3,3,3,3,3,3,4,6,6,6,6,7,7,7,7,7,7,0,0
608,7,7,0,0,1,1,1,1,1,1,1,1,1,1,1,1,2,2,2,3,3,3,3,3,3,3,3,3,3,3,3,3,3,0,1,1,1,1,1,1,6,6,6,6,6,6,6,6,6,6
609,2,2,2,2,2,2,2,2,2,3,3,3,3,3,3,3,3,3,3,4,4,4,5,5,5,5,5,4,0,0,0,0,0,0,0,0,0,1,1,2,2,3,3,3,3,4,1,1,1,1
610,4,4,4,1,1,2,2,2,5,5,5,5,5,5,6,6,7,7,7,7,7,7,7,7,7,7,0,0,0,0,0,0,0,0,0,1,1,1,1,1,1,1,6,7,7,7,0,0,0,0
611,4,4,5,5,6,6,6,6,6,6,7,7,7,0,0,1,6,6,6,7,7,7,7,7,7,7,7,7,7,7,7,7,7,7,7,7,7,7,7,0,0,0,1,1,2,2,2,3,4,4
612,1,2,2,2,2,2,2,2,2,2,3,3,3,4,5,0,0,0,0,0,1,2,5,6,6,6,6,6,7,7,7,7,3,3,4,4,5,5,5,5,5,5,5,5,4,4,4,4,7,7
613,2,2,3,4,4,4,4,0,0,0,0,1,1,1,1,1,1,1,1,1,1,2,2,2,2,2,2,2,3,0,1,1,1,2,2,2,2,2,2,6,6,6,6,6,6,6,6,6,6,6
614,0,0,0,1,1,1,1,1,1,1,1,1,7,7,0,0,1,1,1,1,1,1,1,1,1,1,1,2,2,2,2,2,2,2,2,2,2,2,2,3,3,3,3,3,4,4,4,4,5,6
615,1,1,2,2,2,2,2,2,2,2,3,1,1,1,2,2,3,3,4,4,4,4,4,4,4,4,4,4,4,4,4,4,4,4,4,4,4,4,5,0,0,1,2,2,2,2,3,3,4,4
616,4,4,5,5,5,5,5,6,6,6,6,6,6,6,6,6,6,7,7,7,7,7,7,6,7,7,7,0,0,0,0,0,0,1,1,1,1,2,3,3,3,3,0,0,0,1,1,1,1,1
617,7,7,0,0,0,0,0,0,0,0,0,1,1,1,2,2,2,2,2,2,2,3,3,3,4,4,4,5,6,6,6,6,7,7,7,7,7,7,7,7,7,0,0,0,0,2,2,2,2,2
618,0,0,0,1,7,7,7,7,7,7,7,7,7,7,0,0,0,0,0,0,0,0,0,0,1,1,1,1,1,1,1,1,5,5,5,6,6,4,4,5,5,5,5,5,5,6,6,6,6,6
619,6,6,6,7,7,7,7,4,4,4,4,4,4,0,0,0,0,0,0,4,4,4,4,4,5,5,5,5,5,6,6,6,6,6,6,6,6,6,7,7,7,3,3,3,3,3,3,3,3,3
620,3,3,3,3,3,3,3,3,3,4,4,4,4,4,4,4,4,5,5,5,5,5,6,6,6,6,6,6,6,6,6,6,7,7,7,7,7,7,7,7,7,7,0,0,0,0,1,1,1,1
621,1,1,1,1,1,2,2,2,2,2,2,2,2,2,2,2,2,3,3,3,3,4,5,5,5,5,5,6,6,6,6,6,6,7,7,7,7,7,7,7,7,7,7,7,7,7,7,7,7,7
622,1,1,1,1,1,1,1,1,1,1,1,1,1,1,1,1,1,1,1,2,2,2,2,2,2,3,3,4,4,4,4,4,4,4,4,4,4,5,6,6,7,7,7,7,7,7,7,7,7,7
623,3,4,4,4,4,4,4,7,7,7,7,7,7,7,7,7,7,7,0,1,1,2,2,2,2,1,1,1,1,1,1,1,1,4,4,0,0,0,0,1,1,1,1,1,1,1,1,1,1,0
624,4,4,4,4,4,4,4,5,5,5,6,6,7,7,7,7,7,7,7,0,0,0,0,0,1,1,2,2,2,2,2,2,2,2,2,2,2,2,2,2,2,2,2,2,2,2,2,2,2,2
625,0,0,1,2,2,2,2,2,3,4,4,4,4,5,5,5,5,5,5,6,6,6,6,6,6,6,6,6,6,6,7,7,7,7,7,0,0,0,0,0,1,2,3,4,4,4,4,4,4,4
626,3,4,4,5,5,5,5,5,6,6,6,6,6,6,6,7,7,7,7,7,7,7,0,0,0,1,1,1,1,1,2,6,6,6,6,6,6,6,6,6,6,6,6,6,6,6,6,6,6,6
627,5,4,4,4,4,5,5,5,5,0,0,0,0,0,0,0,0,0,0,0,0,0,5,5,5,5,5,5,5,6,7,7,7,7,7,7,7,0,1,1,1,1,1,1,1,1,1,2,3,3
628,1,1,1,1,2,2,2,2,2,2,2,2,2,2,3,3,3,3,3,3,4,4,4,4,4,5,5,5,5,5,5,5,5,5,5,5,5,5,6,6,7,7,7,7,7,7,7,7,0,1
629,1,1,1,1,1,1,1,1,1,1,1,1,2,2,2,2,2,3,3,3,3,4,4,4,4,4,5,6,6,6,1,3,3,3,4,4,4,4,4,4,5,5,5,5,5,5,5,5,5,5
630,6,6,6,6,6,1,2,2,2,2,2,2,3,4,4,4,4,4,5,5,5,5,5,5,5,5,7,7,7,7,7,7,7,7,0,0,0,0,0,0,1,1,1,2,2,2,2,3,3,3
631,4,4,5,5,5,5,5,5,5,5,5,5,5,5,5,7,7,7,0,0,0,0,0,0,5,5,5,6,6,6,6,6,6,7,7,7,7,0,0,0,0,0,0,1,1,1,2,2,2,2
632,6,6,6,6,6,6,6,6,6,6,7,7,7,7,7,1,1,1,1,1,1,1,1,1,1,1,1,1,1,1,1,1,1,1,1,1,1,2,2,2,3,3,3,4,4,7,7,7,7,7
633,4,4,5,5,5,5,5,5,5,5,6,7,7,7,7,0,1,1,1,1,1,1,2,2,2,3,3,3,3,3,3,3,3,4,4,4,4,2,3,3,3,3,3,3,3,3,3,3,4,6
634,2,2,3,5,5,6,6,6,6,6,6,6,7,7,7,7,7,7,7,7,7,0,0,0,0,0,1,1,1,2,2,2,2,4,4,6,6,6,6,6,6,6,6,6,7,4,4,5,5,5
635,1,1,1,1,1,2,2,2,2,2,2,2,2,2,2,2,2,2,3,3,6,6,6,6,6,6,6,5,5,5,5,2,2,2,0,0,0,0,0,0,1,1,1,1,1,2,2,2,2,1
636,6,6,6,7,7,7,7,7,7,7,0,0,0,0,0,3,4,4,4,5,7,7,7,7,7,7,7,7,7,7,0,0,0,0,0,1,1,1,1,2,2,3,3,3,3,1,1,1,1,1
637,0,0,1,2,2,2,2,2,2,2,2,2,2,2,2,2,2,2,2,2,2,2,2,2,2,1,2,2,2,3,3,3,3,3,3,3,3,3,4,5,5,5,6,6,6,6,6,6,6,6
638,6,7,7,7,6,6,6,6,4,5,5,5,5,5,5,5,5,5,0,0,0,0,0,0,0,0,0,0,1,1,4,4,4,4,4,4,4,4,4,4,4,5,5,5,5,5,5,5,5,5
639,2,3,3,3,3,3,3,3,3,3,4,4,4,4,4,4,4,4,4,4,4,4,4,4,4,4,4,4,4,4,4,4,5,5,5,5,5,5,5,5,5,5,5,5,5,5,5,0,1,1
640,0,0,0,0,0,0,0,1,1,2,3,3,3,4,4,7,7,7,7,7,0,0,0,1,1,1,1,1,1,1,1,1,1,1,1,2,2,2,3,3,3,3,3,1,1,1,1,1,1,1
641,6,6,6,6,7,7,7,0,0,0,0,1,2,2,2,2,2,2,2,2,2,2,2,2,2,2,2,2,3,4,5,5,6,6,6,6,6,6,6,6,6,7,7,7,7,1,1,2,2,2
642,4,5,5,5,5,5,5,5,5,6,6,7,6,6,6,6,6,6,6,7,7,7,7,0,1,1,1,1,1,1,1,2,2,6,6,6,7,7,7,7,7,7,7,7,7,1,1,1,2,2
643,3,3,3,4,5,5,5,5,5,5,5,5,5,6,6,7,7,7,7,7,7,7,7,7,7,7,7,7,7,0,0,1,2,2,2,3,3,3,3,3,3,4,5,5,5,6,6,6,6,7
644,3,2,2,2,2,2,2,2,2,3,3,3,4,4,4,4,4,4,4,4,4,4,5,5,5,5,5,5,5,5,5,5,5,5,5,5,5,5,5,4,4,4,4,4,4,4,4,4,5,5
645,1,4,6,6,6,7,7,0,1,1,5,5,6,6,7,0,1,1,2,2,2,3,3,4,5,5,5,5,5,4,4,4,5,5,5,5,5,5,5,5,5,5,5,5,5,5,5,5,5,5
646,0,1,1,1,1,1,1,1,1,1,1,1,1,1,2,2,2,2,3,3,3,3,3,3,3,3,3,5,5,6,6,6,6,6,6,6,6,6,6,6,6,7,0,0,0,0,0,0,0,0
647,6,6,6,6,7,7,4,2,2,2,2,2,2,2,2,2,2,2,5,5,6,6,3,3,3,3,4,5,5,5,5,5,5,5,5,5,5,5,5,5,5,5,5,5,0,0,0,1,1,1
648,4,4,4,4,5,5,5,5,5,6,7,0,0,0,0,1,1,1,1,1,1,1,1,1,1,2,2,2,2,3,4,4,4,4,4,4,4,4,4,4,4,4,4,4,4,4,5,5,5,5
649,4,4,4,4,4,4,4,5,5,5,5,5,6,6,6,6,6,6,6,6,6,6,6,6,6,6,6,4,5,5,5,5,6,7,7,7,7,0,0,0,1,2,2,2,2,2,2,2,2,2
650,4,4,4,4,4,4,4,4,4,4,4,4,4,4,4,4,4,4,4,4,4,4,2,1,2,2,2,2,2,2,3,3,3,3,3,3,3,4,4,4,4,5,5,5,5,5,5,5,5,5
651,6,6,6,6,7,7,7,7,7,7,7,7,7,7,6,6,6,6,6,6,6,6,6,6,6,6,6,7,7,7,7,7,7,7,7,7,7,0,1,2,2,2,2,2,3,3,3,3,3,4
652,5,5,5,5,5,5,5,5,5,5,5,5,5,5,5,5,5,5,5,5,5,5,5,5,5,5,6,6,7,7,7,0,0,0,1,1,1,1,1,1,1,1,1,1,1,1,1,2,2,2
653,3,3,4,5,5,5,5,5,5,5,5,6,6,6,6,6,6,7,7,7,7,7,7,7,7,7,7,7,7,7,7,7,7,7,7,7,7,0,1,1,1,2,2,2,2,2,2,2,2,2
654,6,7,7,0,0,0,0,1,1,1,1,1,2,2,2,3,3,3,3,3,4,4,4,4,4,4,4,4,7,0,0,0,0,0,0,1,2,3,4,4,4,4,4,4,4,5,5,5,5,5
655,7,7,7,7,7,7,7,7,7,0,0,0,2,2,3,4,2,2,2,2,2,2,2,2,2,2,1,1,1,2,2,2,2,2,2,3,4,4,1,1,1,1,1,1,1,1,1,1,1,1
656,3,3,3,3,4,4,4,4,4,4,0,0,0,0,0,0,0,1,1,2,1,1,1,1,1,1,1,1,1,1,1,1,2,2,2,2,0,0,0,0,0,1,1,1,1,2,2,2,2,2
657,4,4,4,4,4,4,4,4,4,5,5,5,5,5,5,5,5,6,6,7,7,0,0,0,0,0,0,0,0,0,0,6,0,0,0,1,1,1,2,2,2,2,2,2,2,2,3,3,3,3
658,6,6,6,7,7,7,7,7,7,7,7,7,7,0,0,0,0,1,1,2,2,3,3,3,4,4,4,5,5,5,6,6,6,6,6,7,7,7,7,0,0,0,0,0,0,0,1,1,1,1
659,5,5,5,6,6,6,6,6,7,7,7,2,2,2,2,2,2,3,3,3,3,3,3,6,7,0,0,0,0,0,1,1,1,1,2,2,2,3,3,3,3,4,6,7,7,7,7,7,7,7
660,7,7,7,7,7,3,4,4,5,5,5,5,6,7,7,7,7,7,0,0,0,0,0,0,0,0,0,1,1,1,1,1,2,2,2,2,1,4,4,5,5,5,5,5,5,5,6,6,6,6
661,5,5,5,5,5,5,5,5,4,4,3,3,4,4,4,4,4,4,4,4,5,5,5,5,5,5,5,5,5,5,5,6,6,6,6,6,6,6,6,7,7,7,7,7,7,7,7,0,0,0
662,6,6,6,6,6,6,6,6,6,6,6,6,7,7,7,6,6,7,7,7,7,7,7,7,7,7,7,7,7,7,7,2,2,2,3,3,4,4,4,4,0,0,0,0,0,0,0,5,5,5
663,5,5,5,5,5,5,5,5,5,6,6,6,6,6,6,7,4,4,4,4,5,6,6,6,6,6,6,1,1,1,2,2,2,2,2,2,3,3,3,3,3,3,3,3,3,3,3,3,3,3
664,4,4,5,5,5,5,5,5,5,5,5,5,5,5,5,5,5,6,6,6,6,2,2,2,2,6,6,6,6,6,6,7,7,7,0,0,0,0,0,0,0,0,1,1,2,3,3,3,3,3
665,0,5,5,5,6,7,7,7,7,7,3,3,3,3,3,3,3,3,4,4,7,7,0,0,0,0,0,0,0,0,0,0,0,0,0,0,0,0,0,1,2,2,2,2,3,3,3,3,3,3
666,3,3,4,4,4,4,4,4,4,4,4,4,4,4,5,5,5,5,2,2,2,2,2,2,2,2,2,2,3,3,3,3,3,3,3,3,3,3,4,4,4,4,5,5,5,6,6,6,6,7
667,5,5,5,2,3,3,4,4,4,4,4,4,4,4,4,5,5,5,5,5,5,2,2,3,3,3,3,3,3,4,4,4,4,4,4,5,5,5,5,5,5,5,5,5,4,2,2,2,2,2
668,3,3,3,3,4,4,4,4,4,5,1,1,1,1,1,2,7,7,7,7,7,7,7,0,0,0,0,0,0,0,1,1,1,1,1,1,1,2,2,3,3,3,3,3,3,1,1,2,2,3
669,2,2,2,2,3,3,3,3,3,3,3,3,3,3,3,3,3,3,3,3,3,3,4,4,4,4,5,5,5,5,5,7,0,0,0,0,1,1,1,1,1,1,1,1,1,1,1,1,1,1
670,2,2,2,2,2,2,2,2,7,7,1,1,1,1,1,2,2,2,2,3,3,4,4,4,4,4,4,5,6,6,6,6,6,6,7,7,7,7,7,7,7,7,7,0,0,0,1,2,2,2
671,3,3,3,3,4,4,5,5,3,3,3,3,3,3,4,4,4,4,7,5,6,6,6,6,6,6,0,0,3,3,3,3,4,4,4,4,4,4,5,5,5,5,6,6,6,6,6,6,5,6
672,0,0,0,0,0,0,0,0,0,0,0,0,0,0,0,0,0,0,1,1,1,1,1,2,3,3,4,4,4,4,4,4,4,4,5,5,5,5,6,7,0,6,6,6,6,7,7,7,7,7
673,1,2,1,1,1,1,1,2,2,2,2,2,2,2,2,2,3,3,3,3,3,3,3,3,3,3,3,1,1,1,2,2,2,2,2,3,3,3,4,4,4,5,5,5,6,6,6,6,6,7
674,3,3,4,4,4,4,4,4,4,4,4,4,4,5,5,5,5,5,5,5,6,7,7,7,7,7,7,7,7,4,1,1,2,2,2,2,2,2,3,3,4,4,4,4,4,4,5,5,5,5
675,1,1,1,1,2,3,4,4,4,4,4,4,4,4,4,5,5,5,4,4,4,4,4,7,7,7,7,7,7,0,1,2,2,2,3,4,4,4,5,6,0,0,2,2,2,2,3,0,0,1
676,7,7,7,7,7,7,7,4,4,4,5,5,5,6,6,6,6,6,7,7,5,5,5,5,5,5,5,6,7,7,7,7,7,0,0,0,0,0,0,0,0,1,1,2,2,3,3,3,4,4
677,3,3,3,3,3,3,3,3,3,3,4,1,1,1,1,1,1,1,1,1,1,1,2,2,2,2,2,2,2,3,5,5,5,5,5,5,5,5,5,5,6,6,6,6,6,6,2,2,2,2
678,7,7,7,7,7,7,7,7,7,7,7,7,7,7,7,5,5,5,5,5,5,5,5,5,5,5,6,6,6,6,7,7,7,7,7,7,7,7,7,7,7,7,7,7,7,0,0,0,1,1
679,1,1,1,1,1,2,2,2,2,2,2,2,2,2,2,2,2,2,2,2,3,3,3,3,3,3,4,4,5,5,5,5,5,6,6,6,6,6,6,6,6,6,6,6,1,1,1,1,1,1
680,0,5,5,5,5,6,6,6,6,7,0,1,2,3,3,3,3,3,3,3,3,3,3,3,3,3,4,4,5,5,5,5,5,5,5,5,6,7,7,7,7,7,0,0,1,1,1,1,4,5
681,5,5,5,5,5,3,3,3,3,3,3,4,4,4,4,5,5,5,6,6,7,7,7,7,0,0,1,1,2,2,2,2,2,2,2,2,2,3,3,4,5,5,5,5,5,5,5,5,5,5
682,1,1,1,1,1,1,1,1,1,1,2,2,4,5,5,6,6,6,6,6,6,6,6,1,1,2,2,2,2,2,2,2,2,2,2,2,2,2,2,2,2,2,2,2,2,2,2,2,3,4
683,4,5,5,6,6,6,6,6,6,6,6,6,6,6,6,6,7,7,7,7,0,0,0,1,1,1,1,1,1,2,3,3,3,7,7,7,0,0,0,0,0,0,1,1,1,1,1,2,2,2
684,3,3,3,3,3,4,4,4,6,6,6,1,2,2,2,2,3,1,1,1,1,1,1,1,1,1,1,1,1,2,2,2,2,2,2,5,5,5,5,5,5,6,6,6,6,6,6,6,6,7
685,0,0,1,1,2,2,2,2,2,2,2,2,2,2,2,2,2,2,2,3,3,3,3,3,3,3,3,3,3,3,3,3,7,7,7,7,7,0,0,0,0,0,1,1,1,1,1,1,2,3
686,7,7,0,0,1,1,1,1,1,2,2,2,2,0,0,0,0,0,0,1,4,5,5,6,6,3,3,3,4,4,4,4,4,4,5,5,5,5,5,6,6,6,7,7,7,7,7,0,1,1
687,1,1,1,1,1,1,2,2,2,2,3,3,3,3,3,3,3,4,4,4,4,4,4,4,3,5,5,5,5,5,5,5,5,5,5,6,6,6,6,6,6,7,0,0,0,0,0,0,3,3
688,5,5,5,0,0,0,0,1,1,1,1,6,6,6,6,6,7,7,7,0,0,0,0,1,1,1,1,1,1,1,1,1,1,1,1,1,1,1,1,1,1,1,1,1,1,1,1,1,5,0
689,6,6,6,6,6,6,6,6,6,6,6,6,6,6,6,6,6,6,6,6,6,7,7,7,7,7,7,7,7,7,7,7,7,0,0,0,0,7,7,7,7,7,7,7,0,2,3,3,3,3
690,5,5,5,6,6,6,6,6,6,6,6,6,6,6,6,6,6,6,6,6,6,6,6,6,7,0,0,0,0,0,0,0,0,1,2,2,2,2,2,2,2,2,2,3,3,3,3,3,3,3
691,6,6,6,6,6,7,7,0,0,0,0,0,0,0,1,1,1,1,1,1,1,1,1,2,2,2,3,3,4,4,4,4,5,5,1,1,1,4,5,5,5,5,5,5,5,5,5,5,2,2
692,4,4,5,5,5,5,6,6,7,7,7,7,7,7,7,7,7,7,7,7,7,7,0,0,0,0,0,0,0,0,0,0,0,0,0,0,0,0,0,0,0,0,1,1,1,1,2,2,2,6
693,0,0,0,1,1,1,1,1,1,2,2,6,6,1,1,1,1,1,1,1,1,1,1,1,1,2,2,2,2,6,6,6,6,6,6,6,6,7,7,7,3,3,3,3,3,3,3,3,3,3
694,3,3,3,4,5,5,6,6,6,6,6,6,6,6,6,6,6,7,6,6,6,6,6,6,6,6,6,6,6,6,6,6,6,6,6,6,6,6,7,7,7,7,7,7,7,7,0,0,0,0
695,6,6,6,6,6,6,6,6,7,2,2,2,2,2,3,3,3,3,4,4,5,5,5,5,7,0,0,0,0,0,0,0,0,0,0,0,1,1,1,1,1,1,1,1,1,2,2,2,2,3
696,6,6,6,6,6,6,6,6,6,6,6,6,6,7,7,0,1,2,2,2,2,3,7,7,7,7,7,7,7,7,7,7,7,7,7,7,7,0,0,0,0,0,0,1,1,1,1,1,1,1
697,2,2,2,2,2,2,3,3,4,4,4,4,4,4,4,4,4,4,4,4,4,4,4,5,5,5,5,5,5,5,5,6,6,6,6,6,6,6,6,6,6,7,7,7,7,7,7,0,5,5
698,4,4,4,4,4,4,4,4,4,4,4,4,4,4,4,4,4,5,5,5,5,5,6,6,7,7,1,1,1,1,1,1,1,1,1,1,1,1,1,2,2,2,2,6,6,7,7,7,7,7
699,5,5,5,5,5,6,6,6,6,6,4,4,5,5,5,5,5,5,5,5,5,5,5,5,5,5,5,5,5,5,5,5,5,5,5,5,5,5,5,5,5,5,5,5,6,7,7,7,7,7
700,7,7,7,7,7,7,7,7,7,7,7,7,7,7,7,0,0,0,0,0,0,0,0,0,0,1,1,2,6,6,6,6,6,6,6,6,6,6,6,6,6,6,6,3,3,3,4,4,4,4
701,0,0,0,6,6,6,6,6,1,1,1,1,1,1,1,1,2,2,2,3,3,3,3,3,3,3,3,3,3,3,3,3,4,4,4,0,7,7,0,0,0,0,0,0,0,0,0,0,0,0
702,3,3,3,3,3,3,3,3,3,3,3,3,3,3,3,3,3,4,4,5,5,5,5,5,5,5,5,5,5,5,5,5,1,1,5,5,6,6,7,7,7,7,7,0,0,0,0,0,0,0
703,1,1,1,1,1,1,1,2,2,3,3,3,3,3,4,5,5,5,5,5,5,5,6,6,6,5,6,6,6,6,6,6,6,6,6,6,6,6,6,6,7,7,7,7,7,7,7,7,7,7
704,2,2,2,3,3,3,3,3,3,3,3,3,3,3,4,4,4,4,4,4,4,4,4,5,5,5,5,5,5,5,5,5,5,6,7,7,7,7,7,7,7,7,2,2,2,2,2,0,1,1
705,3,3,3,3,3,3,3,3,3,3,6,7,7,7,7,7,7,7,0,1,3,3,4,4,5,5,5,7,7,7,7,0,0,0,0,0,0,0,0,0,0,0,0,0,0,0,0,0,0,0
706,7,7,7,0,0,0,0,0,1,1,2,2,2,2,2,2,3,3,3,3,3,3,4,5,5,5,5,5,5,6,6,6,6,1,1,1,1,6,7,5,6,6,6,6,6,6,7,7,7,7
707,4,4,4,1,1,1,1,1,1,3,3,3,3,3,3,3,3,3,3,3,0,0,0,1,1,1,1,1,1,1,1,1,1,1,1,1,1,1,2,3,3,3,3,4,4,4,5,5,5,5
708,6,6,6,6,6,5,5,0,1,2,2,2,2,3,3,3,3,4,4,4,4,4,4,5,5,5,5,5,5,5,5,6,4,3,3,3,3,3,3,3,3,3,4,7,7,7,7,7,7,7
709,7,7,7,7,7,0,0,0,0,0,3,3,3,7,7,0,1,1,1,1,4,4,4,4,5,5,5,5,6,6,6,6,6,7,7,7,7,5,5,5,5,0,0,1,1,1,1,1,1,1
710,6,6,6,6,7,0,0,1,1,1,1,2,3,3,4,4,4,5,5,5,5,5,5,5,5,5,6,6,6,6,6,5,6,6,6,6,6,3,3,3,3,3,3,3,4,4,4,5,5,5
711,7,7,7,3,3,3,3,3,7,7,7,7,0,0,0,5,5,5,5,5,5,5,5,5,5,5,5,5,5,6,6,6,6,7,7,7,7,0,0,1,2,2,4,4,4,4,4,4,4,4
712,4,4,4,5,5,5,5,6,7,7,7,0,0,0,0,1,1,5,5,5,6,6,7,7,7,7,7,7,7,0,0,0,0,0,0,0,0,0,0,0,0,0,0,0,1,1,1,2,3,4
713,4,4,4,4,4,1,1,1,1,1,1,1,1,1,1,1,1,1,1,2,2,2,2,3,3,3,3,3,3,3,5,5,6,6,6,6,6,6,7,7,7,0,0,0,0,2,2,0,0,0
714,7,7,7,7,7,7,7,7,7,7,7,7,7,7,7,7,7,2,2,2,2,2,2,2,2,2,7,7,0,0,0,1,1,1,1,1,1,1,1,1,6,6,7,7,7,1,2,2,2,1
715,2,2,2,2,2,2,2,2,2,2,6,6,6,6,5,5,5,5,5,5,5,5,5,6,6,6,6,6,6,6,5,5,5,5,5,5,5,6,6,6,7,7,7,7,7,0,0,1,1,1
716,2,2,2,2,3,3,3,3,3,4,4,5,5,5,6,6,0,0,4,4,4,6,6,6,6,6,6,6,6,7,7,7,7,0,0,0,0,0,0,0,0,0,0,1,2,2,2,2,2,2
717,4,4,4,4,4,4,4,4,4,4,5,5,5,5,6,7,7,7,0,0,0,0,0,0,0,1,2,2,2,2,2,2,2,3,3,3,3,3,4,4,4,4,4,4,4,4,4,4,4,4
718,6,6,6,6,6,6,6,6,6,2,2,5,5,5,5,5,5,5,5,5,5,5,5,4,4,5,5,5,5,5,5,5,5,6,6,6,7,6,6,7,7,7,7,7,7,7,7,7,7,1
719,6,6,0,3,3,3,3,3,4,4,5,5,5,5,5,6,6,7,7,7,0,1,1,1,1,1,1,1,1,5,5,5,6,3,3,3,3,3,3,3,4,4,4,4,1,1,1,1,0,0
720,3,3,3,3,3,3,3,3,3,4,4,4,4,4,4,4,3,3,4,4,4,4,4,4,4,4,4,4,4,4,4,5,6,6,6,6,6,6,0,0,1,1,2,3,4,4,4,4,4,4
721,3,3,3,4,4,4,5,5,6,6,6,6,7,7,7,2,3,3,3,3,3,3,3,4,4,4,4,4,4,4,4,4,6,6,6,6,6,6,6,7,7,0,0,0,0,1,5,5,5,6
722,6,3,4,4,4,4,4,4,1,1,1,1,1,1,2,3,3,7,0,0,0,1,2,2,2,3,3,3,4,4,5,5,5,5,5,6,6,7,7,7,7,7,7,7,7,7,2,2,2,2
723,7,4,4,4,5,5,5,5,5,5,6,6,6,7,7,7,7,7,7,7,7,7,7,7,7,7,7,7,1,2,2,2,3,3,3,3,3,3,3,3,3,3,4,4,4,5,5,6,6,6
724,4,4,4,5,5,5,5,5,1,1,2,2,3,4,4,4,4,4,5,5,5,5,5,6,5,5,5,5,5,5,5,5,5,5,5,5,5,5,5,5,5,5,5,5,5,6,6,6,6,7
725,3,3,3,3,6,6,6,6,7,0,0,0,7,4,4,4,4,2,2,2,2,3,3,3,3,3,3,3,3,3,3,3,3,3,3,3,3,3,3,3,3,3,3,3,4,5,5,5,5,5
726,6,6,6,6,6,6,7,7,7,7,7,7,7,7,7,7,7,7,7,7,7,0,0,0,0,1,1,2,2,2,2,2,2,2,2,3,3,3,3,3,4,4,4,4,4,5,5,5,6,6
727,3,3,3,3,4,4,4,4,4,5,5,6,6,7,7,7,7,7,7,0,0,0,0,1,1,1,1,1,1,1,1,1,7,7,7,7,7,7,7,0,0,0,0,1,1,1,1,1,1,1
728,0,0,1,1,2,3,3,3,3,3,3,3,3,4,4,4,4,4,4,7,7,7,4,4,4,4,5,5,5,5,5,5,5,5,5,7,0,0,0,0,0,2,3,3,3,3,3,3,4,5
729,5,5,5,5,5,5,6,6,6,6,6,6,6,6,6,6,6,6,6,6,6,7,7,0,0,0,0,0,0,0,0,0,0,0,0,0,1,2,2,2,3,3,3,4,4,4,4,4,4,4
730,2,2,2,2,2,2,2,2,2,2,6,6,0,0,0,0,0,0,0,0,0,0,0,0,0,0,0,0,0,0,0,0,0,0,0,0,0,1,1,1,1,1,1,1,1,1,1,2,2,3
731,4,5,5,6,7,7,7,7,7,0,1,1,1,1,1,1,1,2,2,2,3,3,3,3,3,4,4,5,6,6,6,6,7,7,7,0,0,0,1,1,1,1,1,2,2,3,3,3,3,4
732,7,0,0,0,0,1,2,2,0,1,1,1,1,1,1,1,1,1,1,1,2,2,2,2,2,2,2,5,5,5,6,6,6,6,2,2,2,3,4,4,4,4,4,5,5,5,5,6,6,6
733,3,3,3,3,3,3,3,3,3,3,4,5,5,5,5,6,6,7,7,7,7,7,7,7,7,7,7,7,7,0,0,0,0,0,0,0,7,7,7,7,7,7,7,0,0,0,1,1,1,1
734,2,3,3,3,3,3,3,3,3,3,3,3,3,3,3,3,3,3,3,4,4,4,4,4,4,6,6,6,7,7,7,7,7,7,0,0,0,0,0,0,0,1,1,1,1,1,1,1,1,2
735,3,3,3,3,3,3,3,3,3,4,5,5,5,5,5,5,5,6,3,3,3,3,3,3,3,3,1,1,1,1,1,1,1,1,1,3,3,3,4,5,5,5,5,6,6,6,7,0,0,0
736,3,4,4,4,4,4,4,4,4,4,5,5,5,5,6,6,6,6,6,6,6,6,7,7,7,7,7,7,7,7,7,7,7,7,7,7,7,7,4,4,0,0,0,0,0,1,2,2,2,2
737,3,3,4,4,1,1,1,2,2,2,2,2,2,2,2,2,2,2,2,2,2,2,2,2,2,2,2,2,2,3,3,3,3,3,3,3,3,3,3,2,2,2,3,4,4,4,4,5,5,5
738,0,0,0,1,2,2,2,2,2,2,2,2,2,2,3,3,4,4,4,0,1,1,1,2,2,2,2,2,2,3,3,3,3,4,4,4,4,4,4,4,4,4,3,3,3,3,3,2,2,2
739,3,3,4,4,4,4,4,2,2,2,4,4,5,5,6,6,6,6,6,6,6,6,2,2,2,2,2,2,2,2,2,3,3,3,3,3,3,3,3,3,3,3,4,4,4,5,5,5,5,5
740,1,1,1,1,1,1,1,2,2,2,2,2,2,2,2,2,0,0,1,2,2,2,2,2,2,2,2,2,0,0,0,0,0,1,1,1,1,1,1,1,1,1,1,1,2,2,2,2,0,1
741,6,6,6,6,6,6,6,6,7,7,7,7,7,7,7,7,0,1,1,1,1,1,1,1,1,1,1,2,2,2,2,2,2,2,2,2,2,3,3,3,5,5,5,5,5,5,5,5,6,6
742,6,6,7,7,0,1,1,1,1,1,1,0,1,1,1,1,1,1,1,1,1,1,1,1,1,2,3,3,3,3,4,4,4,4,4,4,4,4,4,4,5,5,5,5,5,5,5,5,5,5
743,2,2,3,3,3,3,3,3,3,3,3,3,3,3,4,5,5,0,0,0,0,0,0,0,1,1,1,1,1,1,2,2,2,4,4,4,5,6,7,7,0,0,1,1,1,1,1,1,1,2
744,4,4,4,6,6,6,6,6,6,6,6,7,0,0,1,1,1,1,1,2,2,2,2,2,2,3,3,4,4,4,6,6,6,6,6,6,7,7,7,7,7,7,7,7,7,7,7,7,7,7
745,1,1,1,1,1,2,2,2,3,3,3,3,3,3,3,3,3,3,3,3,3,3,3,3,3,3,3,3,3,3,3,3,3,3,3,3,4,4,4,5,5,5,5,5,5,5,6,6,6,6
746,6,6,6,6,6,7,0,0,0,0,1,1,2,3,3,3,3,3,3,3,3,3,3,2,3,3,4,3,5,5,5,5,5,5,5,6,6,6,6,6,6,6,6,6,1,1,1,1,2,2
747,1,1,1,1,1,2,2,2,2,2,2,2,2,2,2,2,2,2,2,2,2,2,2,2,3,3,4,4,4,4,4,4,4,4,5,5,5,6,6,6,6,7,7,0,0,1,1,1,1,1
748,0,0,0,0,0,0,0,0,0,5,5,5,3,3,3,3,3,3,3,3,3,3,3,3,3,6,6,6,6,6,6,7,7,0,1,1,1,1,1,1,0,0,0,0,0,0,0,1,1,1
749,5,5,5,5,5,5,5,5,5,5,5,5,5,5,5,6,5,5,5,5,5,5,5,6,6,6,7,7,7,7,7,7,7,7,0,0,1,1,1,1,1,2,3,3,3,3,3,6,6,7
750,6,6,6,7,7,7,7,7,7,7,7,7,7,7,7,7,7,7,0,0,0,0,1,2,2,3,3,3,3,4,4,4,4,4,4,5,6,7,7,7,7,7,7,7,7,0,1,1,1,1
751,7,0,0,0,0,0,1,1,0,0,0,0,0,0,1,1,1,1,1,1,1,1,1,2,2,2,2,2,3,2,2,2,2,2,2,2,3,3,4,3,3,4,4,4,3,3,3,4,4,4
752,4,2,2,2,2,2,2,2,2,2,2,2,1,1,1,1,1,1,2,3,3,3,3,3,3,4,4,4,4,5,4,4,4,4,4,4,4,5,5,5,5,5,5,5,6,6,6,6,7,7
753,7,0,1,1,2,2,2,2,2,3,3,3,3,6,3,3,3,3,3,3,4,4,5,5,6,6,6,6,6,7,7,7,7,7,7,0,0,0,0,0,0,0,0,0,0,0,0,0,0,0
754,3,3,3,3,4,4,4,4,4,4,4,4,4,4,4,4,4,4,4,5,6,6,6,6,6,6,6,7,0,0,0,0,0,0,0,0,0,0,0,0,0,0,0,0,0,0,0,5,5,5
755,2,2,2,2,2,2,1,1,1,1,1,1,1,1,1,2,2,2,2,2,2,2,2,2,2,2,2,2,2,2,2,2,2,2,3,4,4,4,4,5,5,5,5,5,5,5,5,5,2,2
756,0,0,0,1,7,7,7,7,7,7,7,7,0,0,0,0,0,0,0,0,0,1,2,2,2,2,7,6,6,6,6,7,7,7,7,7,7,0,0,0,0,0,0,7,0,0,0,0,0,0
757,0,1,1,1,1,1,1,1,4,4,5,5,5,5,5,6,7,0,0,0,3,3,3,3,3,3,3,3,4,4,4,4,4,5,5,6,6,6,6,6,6,6,6,6,6,6,6,6,6,7
758,5,5,5,6,6,6,4,4,4,4,4,4,4,4,4,4,4,4,4,4,4,4,4,4,4,4,4,4,5,4,4,4,4,4,7,7,7,0,1,1,1,1,1,1,2,2,2,2,3,3
759,0,0,0,0,0,0,0,0,0,1,1,1,1,1,1,1,1,2,2,2,2,2,2,2,2,3,0,0,0,1,1,1,1,1,1,2,2,2,3,3,3,3,3,3,3,3,3,3,3,4
760,1,2,2,2,7,7,0,0,0,0,0,0,0,0,0,0,0,0,0,1,1,2,2,2,2,3,3,3,4,4,5,6,6,6,6,6,6,6,6,6,6,6,6,6,6,7,7,7,7,7
761,0,0,0,0,0,1,1,2,2,2,2,2,3,4,4,4,4,4,4,4,4,4,5,5,5,5,5,5,5,5,5,5,5,5,5,5,5,5,5,5,5,5,5,5,5,5,5,5,5,5
762,7,7,0,1,2,2,2,2,2,2,2,2,1,2,2,2,2,2,3,3,3,3,3,3,3,4,4,4,4,4,4,4,4,4,4,5,5,5,5,0,0,0,0,0,0,0,0,0,0,0
763,6,6,6,7,7,7,0,0,0,0,0,0,0,0,0,2,2,2,2,2,2,2,3,3,3,2,2,2,2,2,2,2,2,3,0,0,0,0,0,1,1,1,1,1,0,0,0,0,0,0
764,7,7,0,0,0,1,1,1,1,1,1,1,1,1,1,1,5,2,2,2,2,3,3,3,3,4,0,0,2,2,2,2,0,0,0,0,1,1,1,1,1,1,1,2,2,2,2,2,2,2
765,6,6,6,6,6,6,6,6,6,6,7,7,7,7,7,7,7,3,3,3,3,3,3,3,3,3,3,4,4,4,4,4,4,5,5,5,5,5,6,6,6,6,7,7,7,0,0,0,0,0
766,5,5,5,5,5,5,6,6,6,6,6,6,6,6,6,6,4,4,4,3,3,3,4,4,4,4,4,4,4,4,4,4,4,4,4,4,4,3,3,3,3,3,4,4,4,4,4,4,5,5
767,2,2,2,2,2,3,4,4,4,5,5,5,5,5,5,5,5,5,1,1,1,1,1,1,2,3,3,3,3,3,3,3,3,3,3,3,3,3,3,3,3,3,3,4,4,5,5,5,5,5
768,5,5,5,3,3,3,4,5,5,1,1,1,1,1,1,1,1,1,1,2,2,2,2,2,2,2,3,3,3,4,4,4,4,4,4,4,4,4,4,4,4,4,4,4,4,4,0,0,0,0
769,5,5,5,5,5,5,5,5,5,5,5,5,5,5,2,2,2,2,2,2,3,3,3,3,3,3,3,3,3,4,4,4,4,5,5,5,5,5,5,5,6,6,6,1,1,1,6,6,6,6
770,2,2,2,2,2,2,2,2,2,3,3,3,3,3,4,1,1,1,1,1,1,1,2,2,3,3,3,3,3,3,3,3,3,3,3,4,5,5,5,5,2,2,2,2,2,2,2,2,2,3
771,0,0,0,0,0,1,1,1,1,1,1,1,1,1,1,2,2,6,6,7,7,7,7,7,7,0,0,0,0,6,6,6,6,6,7,7,7,7,7,7,0,0,0,1,1,1,1,1,0,0
772,4,5,5,6,6,6,6,7,7,7,7,0,1,1,1,2,2,2,2,2,2,2,2,2,2,2,2,3,3,3,3,4,4,4,4,4,4,5,5,6,6,6,6,6,6,6,6,6,6,6
773,2,2,3,3,3,3,0,0,0,0,1,1,1,1,1,1,2,7,7,7,7,7,7,7,7,7,7,7,7,3,3,3,3,4,4,4,5,5,5,5,5,5,5,5,5,5,5,5,5,6
774,3,3,3,7,0,0,0,0,1,1,1,1,0,0,0,0,0,1,1,5,5,5,5,5,5,6,7,7,7,7,7,7,7,7,7,0,0,0,0,0,0,1,1,1,1,2,2,3,3,4
775,7,7,0,0,0,0,0,0,0,0,0,0,0,1,1,1,1,1,1,1,2,2,2,2,2,2,2,3,3,3,3,3,3,3,3,3,3,3,3,3,3,3,3,4,4,4,4,4,4,4
776,0,0,0,0,1,6,6,6,6,6,6,7,4,5,5,0,0,0,0,0,0,0,0,0,0,1,1,1,1,1,1,1,1,1,1,1,1,1,1,1,1,1,1,1,1,1,2,2,3,3
777,2,3,3,3,3,3,3,3,3,3,3,4,4,4,4,4,4,5,5,5,5,4,5,5,5,5,5,5,6,6,6,6,6,6,6,6,6,6,7,7,7,0,0,7,0,0,0,0,0,0
778,5,5,5,5,5,6,6,1,2,2,2,2,2,2,5,5,5,5,7,7,7,7,7,7,0,0,1,2,2,2,2,2,2,2,3,3,3,3,3,3,3,3,3,3,4,0,1,2,2,2
779,0,0,0,5,5,5,5,5,5,5,5,6,6,6,6,6,6,6,6,6,6,6,6,6,6,6,6,7,7,7,7,7,7,7,7,7,7,7,7,7,7,7,7,7,0,0,1,1,1,1
780,5,5,6,6,6,6,6,6,4,4,5,6,7,7,7,7,0,0,0,0,0,0,0,0,0,0,0,0,0,0,0,1,2,2,2,3,3,3,3,3,3,3,3,3,3,3,4,4,4,4
781,5,5,5,5,5,6,6,6,6,7,4,4,4,5,5,5,6,6,7,0,0,0,0,0,0,7,7,7,7,2,2,2,2,2,2,2,3,3,3,3,3,3,4,4,4,4,5,7,0,0
782,1,1,2,2,2,2,2,2,3,3,3,3,3,3,3,3,3,3,3,3,3,3,3,3,3,3,3,3,3,3,3,3,4,4,4,4,7,7,7,0,0,1,1,1,1,2,2,2,2,2
783,3,4,4,4,4,4,4,4,4,4,6,6,6,7,7,7,7,0,0,6,6,6,6,6,6,6,6,6,6,6,5,5,5,5,6,6,6,6,6,6,6,6,6,0,0,0,1,1,1,1
784,2,4,4,4,4,4,4,4,4,5,5,5,6,6,7,0,1,1,1,1,2,2,2,2,2,2,2,2,2,2,2,2,2,2,3,3,3,3,3,3,3,3,4,5,5,5,5,5,5,5
785,2,2,2,2,2,2,2,2,2,2,3,3,3,3,3,3,3,3,3,3,3,3,3,3,3,3,3,4,0,0,0,6,6,6,6,6,6,6,6,6,6,7,7,0,0,1,1,1,1,1
786,4,4,4,4,5,5,5,5,5,5,5,5,5,5,6,6,6,7,7,0,0,0,0,1,1,1,1,1,1,1,1,1,1,1,1,2,2,2,2,2,2,4,5,5,6,7,7,0,0,0
787,2,2,3,3,3,3,4,4,4,4,5,5,6,6,6,4,4,4,5,5,5,5,6,6,6,6,6,7,7,7,7,7,5,5,5,5,6,6,6,6,6,6,6,7,7,7,7,7,0,0
788,3,3,3,3,3,3,4,4,5,5,6,6,6,7,7,7,7,7,3,3,4,4,4,4,4,4,4,5,5,5,5,5,5,5,5,5,6,7,7,7,7,7,7,7,7,7,7,0,0,0
789,4,4,4,0,0,5,5,5,5,5,5,6,6,6,6,7,7,7,7,7,7,7,7,7,7,7,7,7,7,7,0,0,0,0,0,0,1,1,1,1,1,1,1,1,1,1,1,1,1,1
790,4,4,4,4,4,1,1,2,3,3,3,3,3,4,4,4,4,4,4,5,5,5,6,6,6,7,7,4,4,4,4,5,5,5,5,5,5,5,1,1,1,1,1,1,1,2,2,2,7,7
791,7,7,7,7,0,0,0,0,0,0,0,1,1,1,1,1,2,2,2,2,3,3,3,3,4,4,5,5,5,5,5,5,5,6,6,6,7,7,7,7,7,7,7,7,7,7,7,7,0,0
792,0,0,0,0,0,0,0,0,0,0,4,4,4,4,4,4,4,4,4,4,4,4,5,6,7,7,0,0,0,0,0,0,0,1,1,1,1,1,1,1,1,1,1,1,1,1,1,1,2,4
793,7,7,5,6,7,7,7,3,3,3,3,4,4,4,4,4,4,5,5,5,5,5,5,5,7,7,7,7,7,7,2,2,3,3,3,0,0,0,0,0,0,0,0,0,0,0,0,1,1,1
794,3,3,3,3,3,3,3,4,5,5,6,6,6,6,6,6,6,7,0,0,0,0,0,0,0,0,0,0,0,4,4,4,5,6,6,7,7,7,7,7,0,0,0,0,0,0,0,0,0,0
795,6,6,7,7,7,7,0,2,2,2,2,2,2,2,2,2,6,6,6,6,6,6,7,0,0,0,0,0,0,0,0,1,1,1,1,1,7,7,7,7,0,0,0,1,1,1,1,1,1,1
796,0,0,6,0,0,0,0,1,1,1,2,2,3,3,3,4,4,5,5,6,7,0,0,1,3,3,3,3,4,4,4,4,4,4,4,5,5,5,5,5,2,2,3,3,3,3,4,4,4,4
797,3,3,3,3,3,2,2,3,3,3,4,4,4,4,4,4,4,4,4,4,4,3,3,3,3,3,3,3,3,6,7,7,7,0,0,0,0,0,0,4,4,4,4,5,7,7,7,7,7,0
798,7,0,0,0,0,4,4,4,4,4,4,4,4,4,4,5,5,5,5,5,6,6,6,6,7,7,7,7,0,1,1,1,1,2,2,2,1,2,2,2,2,7,7,6,7,0,0,3,4,4
799,7,7,7,7,7,7,0,0,0,0,0,0,0,0,0,0,0,1,2,2,2,0,0,0,0,1,2,2,2,5,5,5,5,5,5,5,5,5,5,5,5,5,5,5,7,7,0,0,0,0
800,2,2,3,1,1,1,1,2,2,3,3,3,3,3,4,5,5,5,5,5,4,5,5,5,5,5,5,5,5,5,6,6,6,6,6,6,6,6,6,6,6,6,6,6,6,6,6,7,7,0
801,2,2,2,2,2,2,2,2,2,3,3,3,3,3,3,3,3,3,3,3,3,3,3,3,3,3,3,3,3,3,3,3,3,2,2,7,7,7,7,7,7,7,7,7,7,7,7,7,3,3
802,4,4,4,4,4,4,5,5,5,5,5,5,5,1,4,4,4,4,4,4,4,4,4,5,5,5,5,5,5,5,5,5,5,5,3,3,3,3,3,3,3,4,7,5,5,5,5,5,5,5
803,0,0,0,0,0,0,0,1,1,1,0,1,1,1,1,1,1,1,1,1,1,2,2,1,1,1,1,2,2,2,2,2,2,2,2,2,3,3,3,3,3,0,0,0,1,1,1,1,1,1
804,2,2,2,2,2,2,2,3,3,4,4,4,4,4,4,5,5,6,6,6,6,7,7,7,7,0,0,0,0,0,0,1,1,1,1,1,2,2,2,2,2,2,2,1,1,2,2,2,2,2
805,2,2,2,2,2,2,2,2,2,3,3,3,3,3,3,3,3,3,3,3,4,4,2,2,2,3,3,3,3,5,5,5,5,5,5,5,5,5,5,5,5,5,5,5,5,5,5,5,5,5
806,3,3,3,3,3,3,3,3,3,3,3,3,3,4,4,4,4,4,4,5,6,6,6,6,6,6,6,6,6,6,6,7,7,7,0,1,2,2,2,2,2,2,7,7,7,0,1,1,2,2
807,2,3,3,3,3,3,3,4,4,4,4,4,4,4,4,4,4,4,4,4,1,1,1,1,2,2,3,3,3,3,3,4,0,0,0,1,1,1,1,1,1,1,1,1,1,1,2,4,5,5
808,2,2,2,2,2,3,3,3,3,3,3,3,3,3,3,3,3,4,5,5,5,5,6,6,6,6,6,6,7,0,0,0,0,0,0,0,0,0,0,0,1,1,7,7,0,0,0,0,0,0
809,0,0,0,1,2,2,2,2,3,1,1,1,1,3,3,4,4,4,4,3,3,3,3,3,4,4,4,5,5,4,4,5,5,5,5,5,5,5,6,6,6,6,6,6,6,6,7,0,1,2
810,5,6,6,6,6,6,6,6,6,6,6,7,7,7,7,7,7,0,0,0,0,0,0,0,0,6,7,0,0,0,3,3,4,4,4,4,5,5,5,5,5,5,6,6,6,6,6,6,6,6
811,4,4,5,5,5,5,6,6,6,6,6,6,6,6,6,6,6,7,7,7,0,0,0,1,2,2,2,2,2,1,1,1,6,7,7,7,7,0,0,0,0,0,0,0,0,0,0,0,3,5
812,7,0,0,0,0,0,1,1,1,1,1,1,1,1,2,2,2,2,2,2,2,2,2,3,3,3,4,4,4,4,4,1,1,1,1,1,1,2,2,2,2,3,3,3,3,0,0,0,0,1
813,7,7,7,7,7,7,7,7,0,1,1,1,1,4,4,4,4,4,4,4,4,4,4,4,5,5,5,5,5,5,6,4,5,5,5,5,5,2,2,2,2,2,3,3,3,3,3,4,4,4
814,0,1,1,2,2,3,3,3,3,3,3,4,4,4,4,4,4,5,5,6,6,7,7,0,0,0,1,1,1,1,2,3,3,3,3,3,4,4,5,5,5,5,5,5,1,1,2,3,3,3
815,7,7,0,6,6,6,6,6,6,6,6,6,7,6,6,6,6,6,6,6,6,6,6,6,6,6,6,0,0,0,5,5,6,5,5,5,5,5,6,6,7,7,0,1,1,2,2,3,3,3
816,0,0,0,0,0,0,0,0,0,1,1,2,2,2,3,3,3,3,3,3,3,3,4,4,5,6,6,6,6,6,7,7,7,7,7,7,7,7,7,7,7,0,1,2,2,2,0,1,3,4
817,3,3,3,3,3,3,4,4,4,4,1,1,1,2,3,3,3,3,3,3,4,4,4,4,4,4,4,4,5,5,5,5,5,5,5,5,5,6,7,7,7,7,7,7,7,7,7,7,7,7
818,7,7,7,0,7,7,7,7,0,1,1,2,6,6,6,6,6,6,6,6,6,6,6,6,6,1,1,2,2,2,2,2,3,3,3,3,4,4,5,5,5,5,5,5,5,5,5,5,5,5
819,0,0,5,4,4,4,4,4,4,5,5,5,4,4,4,4,4,4,4,4,4,4,4,4,5,5,5,5,5,5,6,6,7,0,0,1,1,1,1,1,2,7,7,7,7,0,0,7,7,0
820,0,0,0,1,1,1,1,2,3,3,3,0,0,0,0,1,1,1,1,2,2,2,2,2,2,2,2,2,2,2,2,2,2,2,3,3,3,3,3,3,3,3,3,3,3,3,3,3,3,4
821,7,7,7,7,7,7,7,7,7,7,0,1,1,1,1,1,1,1,1,1,1,2,2,2,2,2,2,4,5,6,6,1,1,1,1,1,1,1,1,1,1,1,1,1,1,2,2,6,6,6
822,5,5,5,5,5,5,6,6,6,7,7,7,7,7,7,7,7,7,7,0,1,1,1,1,1,1,1,1,1,1,1,7,7,7,7,7,0,4,5,6,7,7,0,1,1,1,1,1,1,1
823,4,4,4,4,4,4,4,4,4,4,4,4,4,4,5,6,6,6,6,6,6,6,7,7,0,0,1,2,2,2,2,2,2,3,3,6,6,6,6,6,6,6,6,6,6,6,6,2,2,2
824,2,2,1,1,3,4,4,4,5,5,5,5,5,6,6,6,6,6,7,7,5,5,5,5,5,5,5,5,5,5,5,5,5,5,5,6,6,6,6,6,6,7,7,7,7,7,7,7,7,0
825,0,0,0,0,0,0,0,1,0,0,0,0,0,0,0,0,0,0,3,3,4,4,4,5,5,5,5,5,5,5,6,6,6,0,0,1,1,1,1,1,1,1,1,1,1,1,1,2,2,2
826,6,6,6,6,7,0,0,0,1,4,4,4,4,2,2,2,2,3,3,3,4,2,2,2,2,3,3,3,3,3,3,3,3,3,3,3,4,4,4,4,4,4,4,4,0,0,0,0,0,0
827,3,3,3,3,4,4,7,7,7,0,0,0,0,0,0,0,0,0,0,0,0,0,0,0,0,0,0,0,0,0,0,0,0,0,0,1,1,1,1,1,1,1,1,2,2,3,3,3,3,3
828,2,2,3,3,1,1,1,1,2,2,2,3,3,3,3,4,4,4,5,5,5,5,5,5,5,5,5,5,6,1,1,1,1,0,1,1,1,1,1,1,1,1,1,1,1,1,1,1,1,1
829,0,0,0,1,1,1,1,2,3,3,3,3,3,3,4,4,4,4,5,6,0,6,6,6,6,6,6,6,6,6,6,6,6,6,6,6,6,7,7,0,0,0,0,0,0,0,0,0,1,1
830,5,6,0,0,1,1,1,1,1,1,1,2,2,3,4,4,4,4,4,5,5,5,6,6,3,4,5,5,5,5,5,5,5,5,6,6,6,7,7,7,3,4,4,5,6,3,3,3,3,3
831,6,6,6,6,6,6,6,6,6,6,6,1,1,1,1,1,1,1,1,1,1,2,2,2,2,3,3,3,3,3,3,4,4,4,4,4,4,4,4,4,4,7,7,7,0,0,0,0,0,0
832,2,2,3,3,3,3,3,3,3,3,3,3,4,4,4,7,0,1,1,1,1,1,1,1,2,2,2,2,2,3,3,3,3,3,3,3,3,3,3,3,3,3,0,0,0,0,0,1,1,7
833,1,1,1,1,3,3,3,3,3,3,3,3,3,3,3,3,3,3,3,3,3,4,5,5,0,0,0,0,0,0,0,0,0,0,0,0,0,1,1,1,1,2,2,3,3,3,3,4,4,4
834,7,7,7,0,0,0,0,0,0,0,0,1,1,1,1,1,1,1,1,1,1,1,1,1,2,2,2,7,7,7,4,4,4,4,5,5,5,6,6,6,6,6,7,7,7,7,7,7,0,0
835,7,7,7,0,0,0,0,0,0,0,0,0,0,0,0,0,0,0,7,7,7,7,7,7,0,0,0,0,0,0,0,0,0,0,1,1,1,1,2,3,3,6,6,6,6,6,7,7,0,1
836,0,0,0,0,0,0,0,0,0,0,0,0,0,0,0,0,2,2,3,3,3,2,2,2,3,4,5,5,5,5,5,6,6,7,7,7,7,7,0,0,0,0,0,0,0,0,0,0,0,0
837,0,0,0,0,0,0,0,0,0,0,5,7,0,0,1,1,1,1,1,1,1,1,1,1,1,1,1,2,3,3,3,3,3,3,3,4,4,4,4,4,4,4,4,5,5,5,5,5,5,5
838,6,6,6,6,7,7,0,0,0,0,0,0,1,1,1,2,2,2,2,2,2,2,2,2,2,2,2,3,3,3,3,4,5,5,5,5,5,5,5,5,5,5,5,5,0,0,1,1,1,2
839,5,5,5,5,6,6,6,6,6,6,6,6,7,7,7,3,5,5,7,7,7,0,1,1,1,1,1,1,1,4,4,4,4,4,4,4,4,4,4,4,6,6,6,6,7,7,7,7,7,2
840,6,3,3,3,3,3,3,3,3,3,3,4,4,4,5,5,5,5,6,6,7,1,2,2,3,3,3,4,4,5,5,5,6,6,7,7,7,7,0,1,1,1,1,1,1,1,2,2,3,3
841,4,4,4,4,4,5,5,5,5,5,5,5,5,5,5,5,5,5,6,6,6,6,6,6,6,6,6,6,1,1,1,1,1,2,2,2,2,2,2,2,2,2,2,2,2,2,2,2,2,2
842,6,6,6,6,6,6,6,6,6,7,7,7,0,0,0,1,1,1,1,2,3,3,3,3,3,3,3,3,3,3,3,3,4,5,5,5,5,4,4,4,4,4,1,1,1,2,2,2,2,2
843,4,4,4,4,4,4,4,4,4,3,3,3,3,3,3,3,3,3,3,4,4,4,4,4,5,5,5,5,5,5,6,7,5,5,5,5,5,4,4,4,4,4,4,4,4,4,4,4,4,4
844,6,6,6,6,6,6,6,6,6,6,6,6,6,7,0,0,0,0,0,0,0,0,0,0,0,0,0,0,0,0,0,1,1,1,1,1,1,1,1,1,2,3,3,3,3,3,3,2,2,2
845,6,7,7,7,7,0,0,0,0,2,5,5,5,5,6,6,6,6,6,6,6,6,7,7,7,7,0,0,0,1,2,2,2,3,5,0,0,0,1,1,1,1,2,2,2,2,2,2,2,3
846,5,5,6,6,3,3,2,2,2,2,2,2,3,3,3,3,7,7,7,7,7,0,0,0,0,0,0,0,0,0,1,1,1,1,7,7,7,7,0,0,0,0,0,0,1,1,1,1,2,2
847,7,0,0,0,0,0,0,0,1,1,1,2,2,2,2,2,2,2,3,3,3,3,3,3,3,3,4,4,5,2,2,2,2,2,2,2,2,2,2,2,2,2,2,2,2,3,3,3,3,3
848,6,6,6,6,6,6,6,7,7,7,7,7,7,7,7,7,7,0,0,0,2,2,2,2,2,2,3,3,4,4,4,4,4,4,4,4,5,5,5,5,5,5,5,5,5,5,5,5,6,6
849,1,1,1,4,5,5,6,6,6,7,0,0,0,0,0,1,1,1,1,1,1,1,1,1,2,2,2,2,2,2,2,2,2,2,2,3,3,3,3,6,6,6,6,7,7,7,7,0,0,1
850,5,5,5,5,2,2,2,2,2,2,2,3,4,6,6,6,6,6,6,7,7,2,2,2,2,2,6,7,7,3,3,3,3,3,6,7,0,0,0,0,0,0,7,7,7,7,7,7,7,7
851,4,4,5,5,6,6,6,6,6,6,6,6,6,6,7,7,0,0,1,1,1,1,1,1,0,1,1,0,1,2,2,2,6,6,6,6,6,6,7,0,0,0,0,0,0,0,0,0,0,2
852,1,1,1,1,6,6,6,7,7,7,7,7,7,7,7,7,7,7,0,0,0,1,2,2,2,2,2,3,4,4,4,4,4,4,4,5,5,5,5,5,5,5,5,5,5,5,2,2,0,0
853,3,3,3,3,4,4,4,4,4,5,6,6,6,6,6,6,6,6,6,7,7,7,7,7,7,7,0,0,1,1,1,1,1,2,2,2,2,2,3,3,5,5,5,5,6,6,1,1,2,3
854,0,0,1,1,1,1,1,1,1,1,1,1,5,5,5,5,3,3,4,4,4,4,5,5,5,5,6,0,0,1,2,2,2,2,2,2,2,2,2,2,3,4,5,5,5,5,5,6,6,6
855,5,5,6,7,7,7,7,7,7,7,7,7,7,7,7,0,1,1,7,7,7,0,0,1,2,3,3,3,0,0,3,4,4,4,4,4,4,4,4,4,4,5,5,5,5,5,5,5,5,5
856,2,2,3,3,4,4,4,4,4,4,4,4,4,4,4,4,5,5,5,5,5,5,2,2,2,3,3,3,3,3,3,3,3,3,3,2,2,2,2,2,2,2,2,3,7,7,7,0,1,1
857,7,7,7,0,1,1,1,3,3,4,4,4,4,4,4,4,4,5,6,6,7,7,7,7,7,7,7,7,7,7,7,7,7,7,7,0,0,0,0,1,3,3,3,3,3,3,3,3,0,0
858,4,4,4,5,6,6,6,6,6,3,3,3,3,3,4,4,4,4,4,7,7,7,7,5,5,5,5,5,5,5,5,5,6,6,6,6,6,6,6,6,6,6,7,7,7,7,7,7,7,2
859,3,3,3,4,5,5,5,5,5,5,5,5,5,6,6,6,6,6,6,6,6,6,7,7,5,5,6,6,6,6,6,7,7,7,7,7,7,7,7,7,0,2,2,2,2,3,3,3,3,3
860,2,2,2,2,2,2,2,2,2,2,2,3,3,3,3,3,3,3,3,4,4,4,4,4,7,7,7,7,7,7,0,0,0,1,1,2,2,2,2,2,2,3,3,3,3,3,3,4,4,0
861,6,6,6,7,7,0,0,0,0,0,0,0,0,0,0,0,0,0,0,0,0,0,0,0,0,0,1,1,1,1,1,1,1,1,1,2,2,2,3,3,3,3,3,3,3,3,3,3,3,4
862,6,6,6,6,6,7,3,3,3,3,3,2,3,3,3,3,3,4,4,3,3,3,3,3,3,3,3,3,3,4,4,4,5,5,6,6,6,6,6,6,6,6,6,6,6,6,6,6,6,7
863,5,6,7,7,7,7,7,7,7,2,2,2,2,3,4,4,4,4,5,5,5,5,5,5,5,3,4,7,0,0,0,0,0,0,1,1,1,1,1,1,1,1,1,1,1,3,4,5,5,5
864,0,0,1,2,2,2,2,3,3,3,4,4,4,4,5,5,2,2,2,2,2,2,2,2,2,2,7,0,0,0,0,0,0,0,1,1,1,2,2,2,2,2,0,0,0,0,0,0,1,1
865,7,7,2,2,2,2,2,3,3,3,4,4,4,7,7,7,7,7,7,0,0,0,0,0,0,0,0,1,1,2,2,2,2,3,3,3,3,3,3,3,3,3,3,3,4,4,4,4,4,4
866,5,5,5,5,5,5,3,3,3,3,3,3,3,4,4,4,4,6,6,7,7,7,7,7,7,0,0,0,0,0,0,1,1,2,3,3,3,4,4,4,4,4,5,5,5,6,6,6,6,6
867,3,3,3,3,3,3,3,3,3,3,3,3,4,4,0,0,0,1,1,1,1,1,2,3,3,1,1,1,1,1,1,1,2,2,6,6,6,6,7,7,0,0,0,5,5,6,6,6,6,6
868,2,3,3,3,3,3,3,3,4,4,4,4,4,4,4,4,5,5,7,7,0,4,4,5,5,5,5,1,1,2,2,3,3,4,5,5,6,6,6,6,6,7,7,7,7,7,7,7,7,7
869,3,3,3,3,3,3,3,2,2,2,2,2,5,1,1,1,1,1,1,1,2,2,3,4,4,4,4,4,4,4,4,4,4,4,5,5,5,3,3,3,3,3,3,3,5,5,5,3,3,4
870,5,5,5,5,5,5,5,5,6,7,7,7,7,7,3,3,3,3,3,3,3,3,3,3,3,4,5,5,5,6,6,6,6,6,6,6,6,7,7,7,0,0,0,0,0,0,0,0,0,0
871,4,4,4,1,1,1,1,1,1,1,1,1,1,2,2,2,2,2,2,2,2,3,3,3,3,3,3,3,3,3,3,3,3,3,4,4,4,4,4,6,7,7,7,7,0,0,2,2,2,2
872,0,0,0,0,1,2,2,2,2,2,2,2,2,7,0,0,0,0,0,0,0,0,0,0,0,0,0,7,7,0,1,1,2,2,2,2,2,2,2,2,2,3,3,3,3,3,3,4,7,7
873,5,5,6,7,0,0,0,0,0,0,6,6,2,2,2,3,2,2,2,2,2,2,2,2,2,2,2,2,2,2,2,2,2,2,2,2,2,2,2,2,2,2,2,2,2,2,2,2,2,2
874,5,5,5,5,6,6,7,7,7,7,0,0,0,0,0,0,0,1,1,1,1,1,1,1,1,1,1,1,1,1,1,1,1,1,1,1,1,1,1,1,2,2,2,3,3,3,3,3,3,3
875,6,6,6,6,6,7,0,1,1,1,1,1,1,3,4,4,4,5,5,5,5,6,6,6,6,6,6,6,6,6,6,7,7,7,7,0,1,2,2,2,2,3,3,4,4,4,4,4,5,5
876,3,3,4,4,4,4,4,4,4,4,5,5,5,5,5,6,6,6,6,6,0,1,1,1,1,1,1,1,1,1,1,1,2,2,3,3,3,4,4,4,4,4,0,0,0,0,0,1,1,1
877,2,2,2,2,2,2,2,2,3,0,1,1,2,3,3,1,1,2,2,2,3,4,5,4,4,4,4,4,4,4,4,4,4,5,5,6,1,0,0,0,0,1,1,1,1,1,1,1,1,1
878,4,4,4,5,5,7,7,7,7,7,7,7,7,4,4,5,5,5,5,5,5,6,6,6,6,6,6,6,6,6,6,6,6,6,6,6,6,6,7,7,0,0,0,0,0,0,0,1,1,1
879,5,5,5,5,5,5,5,4,4,4,4,5,5,5,5,5,6,6,6,7,7,0,1,1,1,1,1,1,1,1,2,2,2,2,2,2,2,2,2,2,2,3,3,3,3,3,3,3,4,5
880,3,7,7,7,7,0,0,1,1,1,2,2,2,2,3,3,3,3,3,4,4,4,4,4,4,4,4,4,4,4,4,5,5,6,6,6,7,7,0,0,0,0,1,2,2,2,2,3,3,3
881,4,4,4,4,4,4,4,4,4,4,4,5,5,5,0,0,1,1,0,0,1,7,7,7,7,7,7,7,0,6,6,6,6,6,6,6,2,2,2,3,3,3,3,3,4,4,4,5,5,5
882,1,1,1,1,1,2,2,2,3,3,3,3,3,4,4,4,4,1,1,1,1,1,1,1,1,1,1,1,1,1,1,1,1,1,1,2,2,2,2,3,3,3,4,4,4,4,4,6,6,6
883,6,6,4,5,5,5,5,5,5,6,6,6,6,7,7,7,7,0,0,0,0,0,0,1,1,4,4,5,5,5,5,5,5,6,6,6,6,6,6,6,7,7,7,7,0,0,0,0,0,1
884,2,2,2,2,2,2,3,3,3,3,3,3,4,5,5,5,5,5,5,5,5,6,7,7,7,0,0,0,1,2,2,2,1,1,1,1,1,2,2,3,3,3,3,4,4,4,4,4,4,4
885,2,2,2,2,2,2,2,2,3,3,3,4,4,4,4,4,5,5,5,6,6,6,7,7,7,0,1,3,3,3,4,4,4,4,5,5,5,5,5,5,1,1,1,1,1,1,1,1,1,1
886,5,5,6,6,6,6,6,6,7,7,7,7,7,4,4,4,4,4,5,5,5,5,5,1,1,1,1,2,2,2,2,2,0,1,1,1,1,2,2,2,2,2,3,7,7,7,7,7,7,7
887,7,7,7,3,3,4,4,7,1,1,6,6,7,0,0,0,3,3,3,3,3,3,3,3,3,3,3,3,3,3,3,3,3,4,4,5,6,6,6,6,6,7,7,7,7,7,7,7,0,0
888,0,1,1,1,1,2,2,2,2,2,2,3,3,3,3,3,3,4,0,0,0,0,0,0,0,0,0,0,0,0,0,0,0,0,0,0,0,0,0,0,3,4,4,1,1,1,1,1,1,1
889,7,7,7,7,7,7,7,7,7,0,1,2,2,3,3,3,3,4,4,4,4,5,6,1,1,2,2,2,2,2,2,2,2,2,3,3,3,3,3,3,3,3,6,6,6,6,6,6,6,6
890,2,2,2,2,2,6,6,6,6,6,6,6,6,6,7,7,7,7,7,7,7,7,7,7,7,7,7,7,7,7,7,0,0,0,0,0,0,0,0,0,0,0,0,0,1,1,1,1,1,1
891,5,5,5,5,5,6,7,7,5,5,5,5,5,5,5,5,5,5,6,6,6,6,5,5,6,7,7,0,5,0,0,0,0,0,1,1,1,2,6,6,7,7,7,7,7,7,0,0,0,1
892,7,0,1,1,1,1,2,2,3,3,3,3,3,3,1,6,6,7,7,0,0,0,0,0,1,1,2,3,3,3,3,3,0,0,0,7,0,0,0,0,0,0,0,1,1,1,2,2,2,2
893,5,5,5,5,5,1,1,1,1,1,2,2,2,2,2,2,2,2,3,3,3,3,3,3,3,4,5,5,5,5,5,5,5,5,5,5,5,5,5,6,6,7,7,7,0,0,7,7,7,7
894,6,4,4,5,5,5,6,6,6,6,6,6,7,7,7,7,7,7,7,3,3,3,3,4,5,6,6,6,6,6,6,6,6,6,7,7,7,7,7,4,4,4,1,2,2,2,2,2,2,2
895,6,7,7,7,7,7,7,7,7,3,3,3,4,5,5,5,6,6,6,6,6,6,6,0,0,0,0,0,1,2,2,2,2,2,2,3,4,4,5,5,5,5,5,5,5,5,6,6,6,6
896,2,0,1,1,1,1,1,1,1,1,1,1,1,1,1,1,1,1,1,1,1,1,1,1,1,1,7,7,7,7,5,5,5,5,5,5,5,5,6,6,6,7,0,0,0,0,0,0,0,0
897,7,7,7,7,7,5,6,6,6,6,6,6,6,6,6,6,6,5,5,5,5,5,0,0,0,1,2,2,2,2,2,2,3,4,4,4,4,4,4,6,6,6,6,6,7,7,7,7,7,7
898,5,5,5,6,6,1,1,1,1,1,1,1,1,1,1,1,1,1,1,2,2,2,2,2,2,2,2,2,2,7,7,7,7,7,7,7,6,6,6,6,6,6,6,7,5,5,5,5,5,5
899,6,0,0,0,0,0,0,0,0,0,1,1,1,1,2,2,3,0,0,0,0,0,0,0,0,0,0,1,1,1,2,2,2,2,3,3,1,1,1,2,3,3,3,3,3,3,3,4,4,4
900,2,3,3,3,3,3,1,2,2,2,2,2,2,2,2,2,2,2,2,2,2,2,2,2,2,2,2,2,2,2,2,2,2,2,3,4,4,4,4,4,5,5,5,5,6,6,6,6,6,6
901,7,7,7,7,2,3,4,4,4,4,5,5,5,5,5,5,5,5,5,5,5,5,5,5,5,5,5,5,5,5,5,5,5,6,6,0,0,0,0,5,5,5,5,6,6,6,6,6,6,6
902,4,4,4,7,7,7,7,0,0,0,0,0,0,1,1,1,1,2,2,2,2,2,7,7,7,7,7,7,7,0,0,0,0,0,0,0,0,0,1,1,1,2,2,0,1,1,1,1,1,1
903,1,2,2,3,3,3,3,3,3,3,3,4,4,4,4,2,2,2,2,2,2,2,2,2,2,3,2,2,3,4,3,3,3,3,4,4,4,4,5,5,5,5,5,5,6,7,7,7,7,7
904,7,7,7,7,6,2,2,2,2,2,2,2,2,2,2,5,5,5,5,5,5,5,5,6,7,7,7,7,7,7,7,7,7,7,7,2,2,2,3,3,4,4,1,1,2,3,3,4,4,4
905,3,4,5,6,6,6,6,7,7,7,0,0,0,0,0,0,0,0,0,1,1,1,7,7,0,1,1,1,1,1,2,2,2,2,2,2,2,5,5,6,6,6,6,7,7,7,7,7,0,0
906,4,4,5,5,5,5,5,5,5,5,5,5,6,7,7,7,0,1,1,1,1,2,2,2,6,6,6,6,6,3,3,3,3,3,3,4,4,4,4,4,4,4,4,4,4,4,4,4,4,4
907,7,4,4,4,5,6,6,1,1,2,3,0,0,1,4,4,4,7,7,7,7,7,7,7,0,0,0,0,0,0,0,0,0,1,1,1,1,1,2,2,2,6,6,6,6,6,6,6,7,7
908,5,5,5,5,6,6,6,6,6,7,7,7,7,7,7,7,7,7,7,0,0,1,1,1,7,0,0,0,1,1,1,1,1,2,2,3,3,3,3,3,3,3,4,4,4,4,4,7,7,7
909,1,3,3,3,4,4,4,4,4,4,4,4,4,4,4,4,4,3,4,6,7,3,4,4,4,4,4,5,6,7,7,7,7,0,0,1,1,1,1,1,1,2,2,3,3,3,3,3,3,3
910,7,7,0,1,1,1,1,1,1,2,2,2,2,2,2,2,2,2,2,4,4,4,4,4,4,5,5,3,3,3,7,7,0,1,2,3,3,3,4,4,5,5,5,5,6,6,6,6,5,5
911,7,0,0,0,0,0,0,0,0,0,0,0,0,0,0,6,6,6,6,6,6,6,6,7,7,7,7,7,7,7,7,7,7,7,7,7,0,0,0,0,0,0,0,0,0,0,0,0,0,1
912,1,2,2,2,2,2,2,6,4,4,4,4,4,5,5,5,5,5,5,5,6,6,6,6,6,6,7,0,0,1,4,4,1,1,1,1,1,1,2,3,3,2,2,6,6,6,6,6,6,6
913,2,2,2,3,3,6,6,6,6,7,7,7,7,7,7,7,7,7,0,1,2,7,7,3,3,3,3,4,4,4,4,4,5,5,5,5,5,0,0,1,2,2,2,2,3,3,4,4,4,4
914,2,2,2,2,2,2,2,2,2,2,2,2,2,2,3,3,4,4,4,5,5,5,5,5,5,6,6,6,6,6,6,7,7,7,7,7,7,0,0,0,0,0,0,0,1,1,1,1,2,3
915,4,4,4,4,4,4,4,4,4,4,4,4,4,4,3,3,3,3,3,3,4,5,5,5,6,6,6,6,7,7,7,7,0,0,0,0,0,0,0,0,0,0,0,0,0,0,0,0,0,0
916,5,5,6,6,6,6,6,6,6,6,6,6,6,6,6,6,7,1,1,1,1,2,2,2,2,2,2,2,2,3,3,3,3,3,3,3,3,3,3,3,3,3,4,4,5,6,6,6,6,7
917,3,3,3,3,3,4,4,4,5,5,5,5,5,5,5,5,5,5,5,6,7,7,0,0,0,1,1,1,1,1,1,1,1,1,1,2,2,2,3,3,3,4,4,4,4,4,4,5,6,6
918,6,6,7,7,3,3,3,4,4,4,5,6,6,6,6,7,7,7,0,0,1,1,1,1,1,1,2,2,2,2,7,7,0,1,1,2,2,2,2,2,2,3,3,3,3,3,3,3,3,3
919,6,6,6,6,6,6,6,7,7,0,0,1,1,1,1,2,2,1,1,2,3,3,3,3,4,5,5,5,5,5,5,5,5,6,6,6,6,6,6,6,6,7,7,7,7,0,1,5,5,5
920,2,2,2,2,2,2,3,3,3,3,3,3,6,6,6,6,6,6,6,6,6,6,6,6,6,6,7,7,0,0,0,0,1,1,1,1,1,1,1,1,1,2,4,4,5,6,7,7,0,0
921,0,0,1,1,1,1,2,2,3,3,3,3,4,4,4,4,5,5,5,5,5,5,5,5,5,4,4,4,4,4,4,4,4,4,4,4,4,4,4,4,4,4,4,4,5,5,5,5,5,6
922,4,5,5,5,6,6,6,6,6,5,6,6,6,7,0,0,0,0,1,0,1,1,1,1,7,7,7,7,7,7,7,7,0,0,0,0,0,0,7,7,7,7,7,0,0,0,0,0,0,0
923,6,7,0,5,5,0,0,0,0,1,1,1,1,1,1,1,1,1,1,1,1,2,2,3,4,4,5,5,5,5,5,5,5,5,5,5,5,5,5,5,5,5,5,5,6,6,7,7,7,7
924,4,4,5,5,5,5,5,5,5,5,6,7,7,7,7,0,1,1,1,2,2,2,2,3,4,4,4,4,3,3,3,4,4,4,4,4,4,4,4,4,4,4,4,4,4,1,1,1,1,1
925,5,5,5,6,6,7,7,0,0,0,0,1,2,2,2,3,3,3,3,3,3,5,5,5,5,6,6,6,6,6,6,6,6,6,7,0,0,0,0,1,1,1,1,5,5,5,5,5,6,6
926,4,4,4,4,4,4,4,5,3,4,4,4,4,5,5,5,5,6,6,6,6,6,7,7,7,0,0,0,0,0,0,5,6,6,6,6,2,2,2,2,2,2,0,0,0,0,3,6,7,7
927,6,3,3,3,3,3,3,3,4,4,4,4,5,5,6,6,7,0,0,0,1,1,1,1,1,2,2,3,3,3,3,2,2,3,3,7,0,0,0,0,0,1,2,2,2,2,2,3,3,4
928,3,3,2,2,2,2,2,3,3,3,3,4,4,4,4,4,5,5,5,5,5,5,5,5,5,5,5,6,7,7,0,0,0,0,0,0,0,4,4,5,5,5,3,3,3,3,3,4,4,4
929,0,1,1,1,1,1,1,1,2,2,2,2,2,3,3,3,3,4,4,4,4,4,4,4,4,4,5,5,5,5,5,6,6,3,3,7,7,7,0,0,0,0,7,7,7,7,7,7,7,7
930,5,5,5,5,6,7,7,7,0,0,1,2,2,3,3,3,3,3,3,3,2,3,3,3,1,2,2,3,3,3,4,4,0,0,0,1,1,1,1,1,1,1,2,2,2,2,2,3,3,3
931,6,7,7,7,7,7,7,0,0,0,0,0,0,0,0,0,0,0,1,1,2,2,2,3,3,3,3,4,4,4,4,4,4,4,4,4,4,4,4,4,5,6,6,6,6,6,6,6,6,6
932,5,5,5,5,5,5,6,6,6,6,6,4,5,6,6,6,7,7,0,0,1,1,1,1,1,2,2,2,2,2,2,2,2,2,2,2,2,3,4,4,4,4,5,5,5,5,5,6,6,6
933,6,6,6,6,6,7,7,7,7,7,0,0,1,1,1,1,1,4,4,4,4,5,5,5,5,5,5,6,6,6,6,6,6,6,7,7,0,5,5,7,7,7,7,7,7,7,7,7,7,7
934,7,2,2,3,3,3,3,3,3,3,3,3,3,3,3,3,3,3,3,1,1,1,1,1,2,2,3,3,4,4,4,4,5,5,5,2,2,2,2,2,3,4,4,4,4,4,4,4,2,2
935,6,6,6,6,6,1,2,2,2,2,2,2,5,6,7,0,0,0,0,0,0,1,1,2,2,3,4,5,5,5,5,4,4,4,4,4,4,4,4,4,4,4,4,4,4,4,1,1,2,2
936,7,7,7,0,0,0,0,0,1,2,3,3,3,3,3,3,3,3,3,2,2,2,2,3,3,3,3,3,3,3,3,3,4,5,5,5,2,2,2,2,2,2,3,3,3,3,3,3,3,3
937,4,4,7,7,7,7,7,0,0,0,0,0,0,0,0,0,0,0,0,0,1,2,2,2,2,2,3,3,3,3,3,3,2,6,6,6,6,6,6,6,6,6,6,6,5,0,0,0,0,0
938,5,5,6,6,6,6,6,6,6,6,6,7,7,7,7,7,7,7,7,7,7,7,7,7,7,7,7,0,0,0,0,0,0,1,1,2,3,4,5,5,5,5,5,5,6,6,6,6,6,6
939,5,6,7,7,7,7,7,7,7,7,7,7,7,0,0,0,0,0,0,0,0,0,0,0,0,0,1,1,1,1,6,0,1,1,2,2,3,4,4,4,4,5,5,5,5,5,5,5,5,5
940,5,5,5,5,5,5,5,0,0,0,0,0,1,2,2,2,2,2,2,2,2,2,1,1,1,1,1,1,1,1,2,1,1,2,2,3,4,4,4,4,4,4,4,4,4,4,2,2,6,6
941,7,7,7,0,0,1,1,1,1,5,6,6,6,6,6,7,7,7,7,7,7,0,0,0,0,1,1,1,6,6,6,6,6,6,6,6,6,6,6,6,6,7,7,0,0,0,0,0,7,7
942,6,7,0,0,0,0,0,0,1,1,1,1,1,1,2,2,2,2,2,2,2,2,2,2,5,5,5,5,5,5,6,6,6,6,6,7,7,7,7,7,7,4,4,5,5,5,5,5,5,5
943,1,1,1,1,2,2,2,2,2,2,2,3,3,3,3,3,4,4,4,5,5,5,5,5,5,5,5,5,5,3,3,3,3,4,4,4,4,4,4,4,4,5,5,5,5,5,6,6,6,6
944,1,1,1,2,2,2,2,3,3,3,3,3,3,4,4,4,4,3,3,4,4,4,4,4,4,4,4,4,4,2,2,3,3,3,3,3,3,3,3,4,4,4,4,4,5,5,5,0,0,0
945,2,2,2,2,2,3,3,3,3,3,3,3,3,3,3,4,4,5,5,5,6,6,7,7,7,7,7,7,7,7,7,7,7,7,7,7,4,5,5,5,5,5,7,7,7,7,0,0,0,0
946,4,4,4,5,5,5,5,6,6,6,6,6,6,7,7,7,7,7,7,7,7,7,7,7,7,7,0,0,0,0,0,0,0,0,0,0,1,2,2,2,2,2,2,2,2,3,3,3,3,3
947,6,6,6,7,0,0,0,0,0,1,1,2,2,2,2,2,2,2,2,2,2,2,2,2,3,3,0,0,0,0,0,0,0,0,0,0,0,0,0,1,1,1,1,1,1,1,1,1,2,2
948,7,7,7,0,0,0,0,0,0,0,0,0,0,0,0,5,5,5,5,5,5,5,5,5,5,5,5,5,5,5,5,5,5,5,6,6,6,6,6,6,6,6,6,7,7,7,7,7,7,7
949,6,7,7,7,7,7,0,0,0,0,0,1,1,1,1,2,2,2,2,2,2,2,2,2,2,2,2,2,4,4,4,5,5,5,5,5,5,5,5,5,6,6,6,6,6,6,6,6,6,7
